1,2
2,2
3,3
4,4
5,1
6,0
7,1
8,0
9,1
10,0
11,1
12,6
13,1
14,1
15,0
16,1
17,1
18,0
19,1
20,1
21,0
22,1
23,1
24,1
25,1
26,1
27,1
28,2
29,1
30,3
31,1
32,1
33,1
34,2
35,10
36,1
37,1
38,1
39,0
40,1
41,1
42,1
43,1
44,1
45,1
46,1
47,1
48,1
49,1
50,1
51,1
52,1
53,1
54,2
55,2
56,2
57,1
58,1
59,1
60,0
61,1
62,1
63,0
64,1
65,1
66,0
67,1
68,1
69,0
70,1
71,1
72,0
73,1
74,1
75,1
76,2
77,1
78,2
79,1
80,2
81,1
82,2
83,1
84,2
85,1
86,2
87,1
88,2
89,1
90,2
91,1
92,2
93,2
94,1
95,2
96,1
97,2
98,2
99,1
100,2
101,2
102,2
103,2
104,2
105,2
106,1
107,2
108,2
109,2
110,2
111,2
112,2
113,2
114,2
115,3
116,5
117,5
118,5
119,4
120,3
121,4
122,3
123,3
124,2
125,3
126,2
127,2
128,2
129,1
130,1
131,1
132,1
133,1
134,1
135,1
136,1
137,1
138,2
139,1
140,1
141,1
142,1
143,1
144,1
145,1
146,1
147,1
148,1
149,1
150,1
151,1
152,2
153,1
154,1
155,2
156,1
157,1
158,1
159,1
160,1
161,1
162,1
163,2
164,1
165,2
166,1
167,2
168,2
169,2
170,1
171,1
172,1
173,2
174,1
175,1
176,2
177,2
178,1
179,1
180,2
181,1
182,1
183,2
184,1
185,1
186,1
187,1
188,2
189,2
190,1
191,2
192,1
193,2
194,1
195,2
196,4
197,3
198,3
199,3
200,4
201,3
202,4
203,3
204,3
205,3
206,3
207,4
208,3
209,3
210,4
211,3
212,3
213,3
214,3
215,3
216,3
217,4
218,3
219,1
220,2
221,2
222,1
223,2
224,2
225,2
226,1
227,2
228,2
229,2
230,1
231,2
232,2
233,2
234,3
235,2
236,2
237,2
238,2
239,2
240,2
241,1
242,2
243,1
244,2
245,2
246,2
247,2
248,2
249,1
250,2
251,2
252,2
253,2
254,2
255,2
256,2
257,2
258,2
259,2
260,2
261,2
262,2
263,2
264,2
265,2
266,2
267,3
268,2
269,2
270,3
271,2
272,2
273,2
274,3
275,2
276,2
277,2
278,2
279,2
280,2
281,2
282,3
283,2
284,2
285,2
286,3
287,2
288,2
289,2
290,3
291,2
292,2
293,2
294,2
295,2
296,2
297,2
298,2
299,2
300,3
301,2
302,2
303,3
304,2
305,2
306,4
307,3
308,2
309,2
310,2
311,4
312,2
313,2
314,2
315,2
316,3
317,2
318,3
319,2
320,3
321,2
322,2
323,3
324,2
325,3
326,2
327,3
328,3
329,2
330,3
331,3
332,3
333,3
334,3
335,2
336,3
337,3
338,2
339,3
340,2
341,3
342,2
343,3
344,3
345,2
346,2
347,3
348,2
349,2
350,3
351,2
352,3
353,3
354,2
355,2
356,3
357,3
358,2
359,2
360,3
361,2
362,3
363,3
364,2
365,3
366,2
367,3
368,3
369,3
370,2
371,3
372,4
373,2
374,3
375,2
376,3
377,3
378,3
379,2
380,3
381,3
382,3
383,3
384,2
385,2
386,3
387,3
388,3
389,3
390,2
391,3
392,4
393,2
394,3
395,3
396,3
397,3
398,3
399,4
400,3
401,3
402,2
403,4
404,3
405,3
406,3
407,2
408,4
409,3
410,3
411,3
412,2
413,3
414,4
415,3
416,3
417,3
418,3
419,4
420,5
421,6
422,7
423,6
424,6
425,7
426,6
427,5
428,4
429,3
430,3
431,3
432,3
433,4
434,3
435,3
436,3
437,3
438,3
439,3
440,3
441,3
442,4
443,3
444,4
445,4
446,3
447,3
448,3
449,3
450,4
451,3
452,3
453,4
454,3
455,3
456,3
457,3
458,3
459,3
460,4
461,3
462,3
463,4
464,3
465,3
466,4
467,4
468,4
469,3
470,3
471,4
472,3
473,4
474,3
475,3
476,3
477,4
478,3
479,4
480,3
481,4
482,3
483,4
484,4
485,3
486,3
487,4
488,3
489,4
490,4
491,4
492,3
493,4
494,3
495,4
496,4
497,3
498,4
499,3
500,4
501,4
502,3
503,4
504,3
505,3
506,4
507,3
508,4
509,4
510,4
511,3
512,4
513,3
514,5
515,3
516,4
517,4
518,4
519,4
520,4
521,3
522,4
523,4
524,4
525,4
526,3
527,5
528,3
529,3
530,5
531,5
532,3
533,4
534,4
535,4
536,4
537,4
538,4
539,4
540,4
541,4
542,3
543,5
544,4
545,4
546,3
547,4
548,4
549,5
550,4
551,4
552,4
553,4
554,4
555,4
556,4
557,4
558,4
559,5
560,4
561,3
562,4
563,4
564,5
565,4
566,4
567,7
568,4
569,4
570,4
571,4
572,4
573,4
574,4
575,5
576,4
577,4
578,4
579,4
580,4
581,4
582,4
583,5
584,4
585,5
586,4
587,5
588,4
589,4
590,4
591,5
592,4
593,5
594,4
595,4
596,4
597,4
598,4
599,4
600,4
601,4
602,7
603,4
604,5
605,4
606,5
607,4
608,4
609,5
610,4
611,4
612,5
613,5
614,4
615,4
616,4
617,6
618,4
619,5
620,5
621,4
622,4
623,4
624,5
625,5
626,4
627,5
628,4
629,5
630,4
631,5
632,4
633,5
634,4
635,7
636,4
637,4
638,5
639,4
640,5
641,5
642,5
643,4
644,5
645,5
646,4
647,5
648,5
649,5
650,4
651,6
652,5
653,5
654,4
655,5
656,4
657,5
658,5
659,5
660,4
661,5
662,5
663,5
664,5
665,5
666,4
667,6
668,4
669,6
670,5
671,4
672,5
673,4
674,5
675,5
676,5
677,5
678,4
679,5
680,5
681,5
682,7
683,5
684,5
685,5
686,5
687,4
688,5
689,5
690,4
691,5
692,6
693,5
694,5
695,5
696,5
697,11
698,10
699,11
700,10
701,11
702,8
703,5
704,5
705,5
706,5
707,5
708,5
709,6
710,5
711,5
712,5
713,5
714,5
715,6
716,4
717,5
718,6
719,5
720,5
721,6
722,5
723,5
724,6
725,5
726,5
727,6
728,5
729,5
730,5
731,6
732,7
733,6
734,5
735,5
736,5
737,6
738,6
739,5
740,6
741,5
742,5
743,6
744,5
745,6
746,6
747,5
748,5
749,7
750,6
751,5
752,6
753,5
754,5
755,6
756,5
757,5
758,6
759,6
760,5
761,6
762,5
763,6
764,5
765,7
766,6
767,5
768,6
769,6
770,5
771,5
772,6
773,6
774,5
775,6
776,5
777,6
778,6
779,5
780,6
781,7
782,5
783,5
784,6
785,6
786,6
787,5
788,6
789,6
790,6
791,5
792,6
793,6
794,5
795,6
796,6
797,8
798,7
799,5
800,6
801,6
802,5
803,7
804,5
805,6
806,6
807,5
808,6
809,6
810,6
811,5
812,9
813,5
814,7
815,5
816,6
817,6
818,6
819,6
820,6
821,6
822,6
823,6
824,6
825,6
826,6
827,7
828,7
829,6
830,5
831,7
832,6
833,6
834,6
835,6
836,6
837,5
838,6
839,7
840,6
841,6
842,7
843,5
844,7
845,6
846,6
847,6
848,6
849,6
850,7
851,6
852,6
853,6
854,6
855,6
856,10
857,7
858,5
859,6
860,7
861,6
862,7
863,7
864,6
865,7
866,6
867,7
868,6
869,6
870,9
871,6
872,7
873,6
874,6
875,6
876,7
877,6
878,6
879,6
880,6
881,7
882,6
883,6
884,11
885,14
886,12
887,13
888,13
889,9
890,6
891,7
892,6
893,6
894,6
895,6
896,7
897,6
898,7
899,6
900,6
901,8
902,7
903,6
904,6
905,6
906,8
907,6
908,7
909,6
910,6
911,7
912,6
913,7
914,6
915,6
916,7
917,10
918,6
919,7
920,6
921,7
922,7
923,7
924,7
925,7
926,6
927,7
928,6
929,6
930,7
931,6
932,6
933,9
934,7
935,6
936,6
937,6
938,8
939,6
940,7
941,7
942,7
943,6
944,7
945,7
946,6
947,8
948,6
949,8
950,7
951,7
952,7
953,7
954,6
955,8
956,6
957,7
958,7
959,7
960,7
961,7
962,8
963,7
964,7
965,8
966,7
967,7
968,7
969,7
970,7
971,8
972,7
973,7
974,7
975,8
976,8
977,7
978,8
979,7
980,10
981,7
982,7
983,7
984,7
985,7
986,7
987,7
988,7
989,7
990,7
991,7
992,8
993,6
994,8
995,9
996,8
997,7
998,7
999,6
1000,7
1001,7
1002,7
1003,8
1004,6
1005,7
1006,7
1007,7
1008,7
1009,7
1010,12
1011,7
1012,7
1013,6
1014,8
1015,7
1016,8
1017,6
1018,7
1019,7
1020,7
1021,9
1022,7
1023,8
1024,7
1025,9
1026,7
1027,8
1028,7
1029,8
1030,7
1031,8
1032,7
1033,7
1034,8
1035,7
1036,8
1037,8
1038,7
1039,11
1040,9
1041,7
1042,7
1043,7
1044,8
1045,7
1046,8
1047,7
1048,7
1049,7
1050,8
1051,7
1052,7
1053,10
1054,7
1055,8
1056,7
1057,8
1058,7
1059,10
1060,7
1061,7
1062,8
1063,7
1064,8
1065,8
1066,8
1067,10
1068,8
1069,8
1070,8
1071,8
1072,8
1073,7
1074,9
1075,7
1076,9
1077,7
1078,8
1079,8
1080,7
1081,10
1082,7
1083,8
1084,8
1085,7
1086,8
1087,8
1088,7
1089,9
1090,7
1091,8
1092,8
1093,8
1094,8
1095,8
1096,8
1097,8
1098,8
1099,7
1100,7
1101,8
1102,8
1103,8
1104,8
1105,8
1106,8
1107,8
1108,12
1109,9
1110,7
1111,8
1112,8
1113,8
1114,7
1115,8
1116,7
1117,9
1118,7
1119,9
1120,8
1121,11
1122,7
1123,8
1124,8
1125,8
1126,8
1127,9
1128,8
1129,8
1130,9
1131,8
1132,8
1133,9
1134,10
1135,8
1136,8
1137,9
1138,7
1139,8
1140,8
1141,8
1142,8
1143,8
1144,8
1145,8
1146,7
1147,10
1148,9
1149,8
1150,8
1151,8
1152,8
1153,9
1154,8
1155,8
1156,8
1157,9
1158,7
1159,9
1160,9
1161,9
1162,8
1163,8
1164,8
1165,9
1166,8
1167,8
1168,8
1169,9
1170,8
1171,8
1172,8
1173,9
1174,8
1175,9
1176,8
1177,9
1178,8
1179,9
1180,8
1181,9
1182,8
1183,9
1184,9
1185,14
1186,9
1187,8
1188,10
1189,8
1190,10
1191,9
1192,9
1193,8
1194,9
1195,10
1196,9
1197,12
1198,9
1199,9
1200,10
1201,9
1202,8
1203,9
1204,9
1205,8
1206,9
1207,8
1208,9
1209,16
1210,18
1211,18
1212,18
1213,19
1214,9
1215,9
1216,9
1217,9
1218,9
1219,9
1220,9
1221,9
1222,9
1223,9
1224,10
1225,10
1226,8
1227,9
1228,8
1229,9
1230,9
1231,10
1232,9
1233,9
1234,9
1235,9
1236,9
1237,9
1238,15
1239,9
1240,9
1241,10
1242,8
1243,10
1244,9
1245,14
1246,14
1247,14
1248,9
1249,12
1250,9
1251,9
1252,14
1253,9
1254,9
1255,10
1256,9
1257,9
1258,10
1259,10
1260,9
1261,9
1262,9
1263,9
1264,10
1265,10
1266,13
1267,10
1268,9
1269,10
1270,11
1271,10
1272,10
1273,10
1274,9
1275,10
1276,9
1277,10
1278,9
1279,9
1280,13
1281,9
1282,10
1283,9
1284,9
1285,10
1286,9
1287,10
1288,9
1289,9
1290,9
1291,10
1292,10
1293,9
1294,12
1295,9
1296,10
1297,10
1298,9
1299,10
1300,9
1301,10
1302,9
1303,10
1304,9
1305,10
1306,9
1307,9
1308,11
1309,10
1310,9
1311,10
1312,10
1313,9
1314,10
1315,10
1316,10
1317,9
1318,11
1319,9
1320,11
1321,10
1322,10
1323,10
1324,9
1325,11
1326,9
1327,10
1328,10
1329,9
1330,11
1331,10
1332,9
1333,10
1334,10
1335,16
1336,10
1337,10
1338,10
1339,10
1340,9
1341,10
1342,10
1343,10
1344,10
1345,10
1346,10
1347,10
1348,13
1349,10
1350,10
1351,10
1352,11
1353,9
1354,11
1355,10
1356,10
1357,10
1358,10
1359,11
1360,10
1361,14
1362,10
1363,10
1364,10
1365,11
1366,10
1367,10
1368,10
1369,9
1370,11
1371,11
1372,10
1373,10
1374,13
1375,10
1376,11
1377,10
1378,10
1379,11
1380,9
1381,11
1382,11
1383,10
1384,10
1385,10
1386,11
1387,13
1388,10
1389,11
1390,10
1391,10
1392,12
1393,10
1394,10
1395,11
1396,10
1397,10
1398,10
1399,10
1400,12
1401,10
1402,10
1403,11
1404,10
1405,10
1406,11
1407,11
1408,10
1409,10
1410,9
1411,12
1412,11
1413,10
1414,11
1415,11
1416,10
1417,11
1418,10
1419,10
1420,11
1421,11
1422,10
1423,10
1424,11
1425,11
1426,11
1427,10
1428,11
1429,10
1430,10
1431,11
1432,10
1433,11
1434,11
1435,10
1436,11
1437,10
1438,15
1439,10
1440,11
1441,10
1442,10
1443,11
1444,10
1445,10
1446,11
1447,10
1448,10
1449,10
1450,16
1451,11
1452,11
1453,11
1454,10
1455,12
1456,11
1457,10
1458,12
1459,11
1460,12
1461,10
1462,16
1463,11
1464,11
1465,11
1466,11
1467,12
1468,11
1469,11
1470,11
1471,11
1472,11
1473,12
1474,14
1475,12
1476,10
1477,10
1478,11
1479,11
1480,11
1481,12
1482,11
1483,11
1484,11
1485,11
1486,14
1487,10
1488,12
1489,11
1490,11
1491,12
1492,11
1493,11
1494,12
1495,11
1496,11
1497,12
1498,13
1499,11
1500,11
1501,12
1502,12
1503,11
1504,12
1505,11
1506,10
1507,12
1508,12
1509,10
1510,19
1511,14
1512,16
1513,12
1514,12
1515,12
1516,11
1517,11
1518,11
1519,12
1520,11
1521,11
1522,13
1523,13
1524,11
1525,12
1526,11
1527,12
1528,11
1529,12
1530,12
1531,11
1532,11
1533,12
1534,12
1535,11
1536,12
1537,11
1538,11
1539,11
1540,12
1541,11
1542,11
1543,11
1544,12
1545,17
1546,11
1547,12
1548,11
1549,11
1550,12
1551,11
1552,11
1553,12
1554,11
1555,11
1556,20
1557,24
1558,23
1559,23
1560,14
1561,11
1562,12
1563,11
1564,11
1565,12
1566,12
1567,10
1568,11
1569,18
1570,11
1571,12
1572,11
1573,12
1574,12
1575,11
1576,12
1577,13
1578,11
1579,12
1580,12
1581,11
1582,16
1583,12
1584,12
1585,12
1586,11
1587,12
1588,12
1589,12
1590,11
1591,12
1592,11
1593,11
1594,12
1595,16
1596,12
1597,11
1598,12
1599,13
1600,11
1601,12
1602,12
1603,12
1604,11
1605,13
1606,12
1607,12
1608,14
1609,12
1610,12
1611,11
1612,11
1613,13
1614,12
1615,11
1616,12
1617,12
1618,12
1619,12
1620,12
1621,16
1622,12
1623,12
1624,12
1625,13
1626,11
1627,12
1628,13
1629,12
1630,12
1631,11
1632,13
1633,12
1634,14
1635,12
1636,13
1637,13
1638,11
1639,12
1640,13
1641,12
1642,12
1643,13
1644,13
1645,12
1646,13
1647,13
1648,13
1649,12
1650,13
1651,12
1652,12
1653,12
1654,12
1655,12
1656,11
1657,12
1658,11
1659,12
1660,13
1661,11
1662,14
1663,12
1664,11
1665,12
1666,12
1667,15
1668,12
1669,11
1670,15
1671,12
1672,18
1673,13
1674,12
1675,12
1676,13
1677,12
1678,11
1679,11
1680,12
1681,12
1682,12
1683,12
1684,17
1685,11
1686,12
1687,12
1688,12
1689,13
1690,12
1691,12
1692,13
1693,12
1694,13
1695,11
1696,18
1697,12
1698,13
1699,12
1700,12
1701,12
1702,13
1703,12
1704,12
1705,12
1706,13
1707,12
1708,17
1709,12
1710,12
1711,12
1712,11
1713,13
1714,12
1715,12
1716,12
1717,12
1718,12
1719,12
1720,17
1721,13
1722,12
1723,12
1724,13
1725,13
1726,12
1727,12
1728,12
1729,13
1730,12
1731,13
1732,15
1733,12
1734,13
1735,12
1736,12
1737,13
1738,12
1739,12
1740,12
1741,13
1742,12
1743,13
1744,15
1745,12
1746,13
1747,12
1748,12
1749,12
1750,13
1751,12
1752,13
1753,12
1754,12
1755,13
1756,15
1757,12
1758,12
1759,13
1760,12
1761,12
1762,13
1763,13
1764,12
1765,12
1766,13
1767,13
1768,15
1769,12
1770,12
1771,13
1772,12
1773,13
1774,12
1775,13
1776,13
1777,12
1778,13
1779,13
1780,14
1781,13
1782,12
1783,13
1784,12
1785,13
1786,12
1787,13
1788,13
1789,12
1790,13
1791,13
1792,14
1793,13
1794,13
1795,12
1796,13
1797,12
1798,12
1799,13
1800,13
1801,12
1802,12
1803,12
1804,14
1805,13
1806,12
1807,13
1808,12
1809,13
1810,13
1811,12
1812,13
1813,13
1814,12
1815,19
1816,12
1817,12
1818,13
1819,13
1820,12
1821,13
1822,13
1823,13
1824,12
1825,13
1826,18
1827,13
1828,13
1829,13
1830,12
1831,13
1832,13
1833,13
1834,12
1835,13
1836,12
1837,19
1838,14
1839,12
1840,13
1841,12
1842,13
1843,13
1844,12
1845,13
1846,13
1847,13
1848,18
1849,12
1850,13
1851,13
1852,13
1853,13
1854,12
1855,13
1856,13
1857,13
1858,13
1859,17
1860,13
1861,13
1862,13
1863,13
1864,12
1865,13
1866,13
1867,13
1868,13
1869,13
1870,16
1871,12
1872,14
1873,12
1874,13
1875,13
1876,13
1877,14
1878,13
1879,13
1880,13
1881,16
1882,13
1883,13
1884,13
1885,13
1886,13
1887,14
1888,13
1889,13
1890,13
1891,13
1892,17
1893,14
1894,13
1895,13
1896,13
1897,13
1898,14
1899,13
1900,13
1901,13
1902,13
1903,16
1904,15
1905,13
1906,13
1907,14
1908,13
1909,15
1910,13
1911,13
1912,14
1913,14
1914,15
1915,14
1916,15
1917,15
1918,14
1919,13
1920,14
1921,13
1922,14
1923,13
1924,15
1925,15
1926,13
1927,13
1928,14
1929,14
1930,13
1931,13
1932,13
1933,14
1934,13
1935,14
1936,15
1937,13
1938,13
1939,13
1940,13
1941,14
1942,13
1943,14
1944,14
1945,13
1946,13
1947,15
1948,13
1949,14
1950,14
1951,13
1952,14
1953,13
1954,14
1955,14
1956,13
1957,14
1958,14
1959,14
1960,14
1961,14
1962,14
1963,14
1964,13
1965,13
1966,15
1967,14
1968,21
1969,14
1970,14
1971,13
1972,14
1973,13
1974,14
1975,14
1976,14
1977,14
1978,22
1979,16
1980,15
1981,16
1982,13
1983,15
1984,14
1985,14
1986,14
1987,14
1988,21
1989,15
1990,14
1991,14
1992,14
1993,16
1994,14
1995,14
1996,15
1997,15
1998,21
1999,15
2000,15
2001,15
2002,15
2003,14
2004,15
2005,14
2006,14
2007,15
2008,26
2009,31
2010,31
2011,18
2012,14
2013,14
2014,15
2015,14
2016,15
2017,14
2018,15
2019,14
2020,18
2021,17
2022,16
2023,15
2024,15
2025,15
2026,15
2027,16
2028,21
2029,23
2030,23
2031,19
2032,18
2033,16
2034,16
2035,16
2036,16
2037,16
2038,16
2039,16
2040,16
2041,16
2042,17
2043,16
2044,18
2045,16
2046,16
2047,16
2048,16
2049,16
2050,16
2051,17
2052,16
2053,16
2054,15
2055,24
2056,16
2057,17
2058,16
2059,17
2060,16
2061,16
2062,16
2063,16
2064,16
2065,16
2066,24
2067,16
2068,16
2069,15
2070,16
2071,16
2072,17
2073,16
2074,16
2075,15
2076,16
2077,23
2078,16
2079,16
2080,16
2081,15
2082,16
2083,16
2084,15
2085,15
2086,16
2087,14
2088,22
2089,15
2090,15
2091,14
2092,15
2093,14
2094,16
2095,14
2096,16
2097,15
2098,15
2099,23
2100,15
2101,16
2102,15
2103,16
2104,16
2105,15
2106,16
2107,15
2108,15
2109,15
2110,20
2111,16
2112,15
2113,15
2114,15
2115,17
2116,16
2117,16
2118,16
2119,17
2120,15
2121,20
2122,15
2123,18
2124,16
2125,16
2126,17
2127,16
2128,16
2129,17
2130,16
2131,16
2132,22
2133,16
2134,17
2135,16
2136,16
2137,17
2138,16
2139,17
2140,16
2141,15
2142,21
2143,24
2144,15
2145,16
2146,15
2147,16
2148,16
2149,15
2150,15
2151,16
2152,15
2153,15
2154,19
2155,16
2156,15
2157,17
2158,15
2159,16
2160,16
2161,16
2162,16
2163,16
2164,16
2165,20
2166,16
2167,16
2168,16
2169,16
2170,17
2171,18
2172,17
2173,16
2174,15
2175,15
2176,19
2177,16
2178,16
2179,16
2180,15
2181,16
2182,16
2183,16
2184,16
2185,16
2186,16
2187,19
2188,16
2189,17
2190,17
2191,16
2192,16
2193,16
2194,16
2195,16
2196,16
2197,16
2198,19
2199,16
2200,17
2201,16
2202,17
2203,16
2204,16
2205,16
2206,16
2207,16
2208,16
2209,18
2210,16
2211,16
2212,15
2213,16
2214,16
2215,16
2216,16
2217,16
2218,17
2219,16
2220,17
2221,16
2222,16
2223,16
2224,16
2225,16
2226,16
2227,17
2228,15
2229,17
2230,16
2231,18
2232,16
2233,16
2234,16
2235,17
2236,17
2237,16
2238,16
2239,15
2240,17
2241,24
2242,17
2243,15
2244,15
2245,15
2246,17
2247,16
2248,16
2249,16
2250,16
2251,24
2252,17
2253,16
2254,16
2255,16
2256,17
2257,16
2258,16
2259,17
2260,17
2261,24
2262,17
2263,17
2264,17
2265,17
2266,17
2267,17
2268,16
2269,17
2270,17
2271,26
2272,22
2273,16
2274,16
2275,17
2276,16
2277,17
2278,17
2279,18
2280,17
2281,24
2282,17
2283,16
2284,17
2285,16
2286,17
2287,16
2288,17
2289,16
2290,16
2291,23
2292,16
2293,17
2294,16
2295,16
2296,16
2297,16
2298,16
2299,16
2300,17
2301,23
2302,17
2303,17
2304,17
2305,16
2306,17
2307,17
2308,17
2309,17
2310,17
2311,22
2312,17
2313,16
2314,17
2315,16
2316,16
2317,17
2318,16
2319,17
2320,16
2321,23
2322,17
2323,16
2324,16
2325,16
2326,16
2327,15
2328,16
2329,16
2330,16
2331,21
2332,16
2333,16
2334,17
2335,16
2336,16
2337,16
2338,16
2339,16
2340,16
2341,21
2342,16
2343,16
2344,16
2345,16
2346,16
2347,16
2348,17
2349,16
2350,16
2351,21
2352,16
2353,17
2354,16
2355,16
2356,16
2357,18
2358,17
2359,16
2360,16
2361,21
2362,18
2363,17
2364,17
2365,16
2366,17
2367,17
2368,17
2369,16
2370,17
2371,21
2372,16
2373,17
2374,17
2375,16
2376,17
2377,16
2378,18
2379,16
2380,17
2381,20
2382,17
2383,16
2384,17
2385,17
2386,17
2387,16
2388,17
2389,16
2390,17
2391,19
2392,17
2393,16
2394,17
2395,16
2396,17
2397,16
2398,17
2399,16
2400,17
2401,18
2402,18
2403,16
2404,17
2405,16
2406,17
2407,16
2408,17
2409,16
2410,17
2411,19
2412,17
2413,17
2414,17
2415,18
2416,18
2417,17
2418,18
2419,21
2420,17
2421,19
2422,17
2423,17
2424,17
2425,17
2426,17
2427,17
2428,17
2429,18
2430,18
2431,18
2432,19
2433,17
2434,18
2435,17
2436,18
2437,17
2438,17
2439,17
2440,17
2441,18
2442,18
2443,17
2444,17
2445,17
2446,17
2447,18
2448,17
2449,17
2450,18
2451,19
2452,18
2453,18
2454,17
2455,17
2456,18
2457,17
2458,18
2459,17
2460,26
2461,18
2462,17
2463,17
2464,17
2465,17
2466,17
2467,17
2468,17
2469,25
2470,17
2471,17
2472,18
2473,18
2474,18
2475,19
2476,19
2477,19
2478,27
2479,20
2480,19
2481,18
2482,18
2483,17
2484,18
2485,17
2486,17
2487,26
2488,17
2489,17
2490,17
2491,17
2492,17
2493,17
2494,17
2495,17
2496,28
2497,35
2498,32
2499,17
2500,17
2501,17
2502,17
2503,17
2504,17
2505,17
2506,26
2507,17
2508,17
2509,17
2510,17
2511,17
2512,18
2513,17
2514,17
2515,17
2516,25
2517,17
2518,18
2519,17
2520,18
2521,18
2522,17
2523,17
2524,17
2525,18
2526,25
2527,17
2528,17
2529,18
2530,17
2531,18
2532,18
2533,17
2534,17
2535,18
2536,24
2537,17
2538,18
2539,17
2540,17
2541,18
2542,17
2543,18
2544,18
2545,18
2546,24
2547,18
2548,17
2549,18
2550,17
2551,18
2552,18
2553,18
2554,18
2555,17
2556,24
2557,18
2558,17
2559,17
2560,17
2561,18
2562,17
2563,17
2564,18
2565,18
2566,25
2567,17
2568,17
2569,18
2570,17
2571,18
2572,17
2573,17
2574,17
2575,18
2576,24
2577,17
2578,20
2579,17
2580,17
2581,18
2582,19
2583,18
2584,18
2585,18
2586,24
2587,18
2588,17
2589,17
2590,18
2591,18
2592,18
2593,19
2594,18
2595,18
2596,25
2597,19
2598,23
2599,19
2600,17
2601,18
2602,17
2603,18
2604,18
2605,20
2606,25
2607,18
2608,19
2609,19
2610,20
2611,19
2612,20
2613,19
2614,19
2615,19
2616,24
2617,19
2618,18
2619,19
2620,19
2621,20
2622,19
2623,19
2624,19
2625,19
2626,25
2627,19
2628,19
2629,19
2630,19
2631,19
2632,19
2633,20
2634,18
2635,18
2636,23
2637,19
2638,20
2639,20
2640,19
2641,21
2642,20
2643,21
2644,20
2645,20
2646,25
2647,20
2648,20
2649,20
2650,21
2651,21
2652,19
2653,19
2654,21
2655,20
2656,24
2657,20
2658,20
2659,20
2660,20
2661,20
2662,20
2663,20
2664,21
2665,20
2666,24
2667,20
2668,21
2669,20
2670,20
2671,21
2672,21
2673,20
2674,20
2675,20
2676,23
2677,19
2678,19
2679,19
2680,20
2681,20
2682,20
2683,19
2684,19
2685,20
2686,24
2687,20
2688,21
2689,20
2690,20
2691,20
2692,18
2693,19
2694,19
2695,20
2696,23
2697,20
2698,20
2699,19
2700,21
2701,19
2702,18
2703,19
2704,18
2705,19
2706,21
2707,20
2708,20
2709,19
2710,18
2711,18
2712,19
2713,20
2714,19
2715,19
2716,21
2717,19
2718,19
2719,20
2720,19
2721,19
2722,19
2723,19
2724,18
2725,20
2726,21
2727,19
2728,19
2729,19
2730,19
2731,19
2732,19
2733,20
2734,19
2735,19
2736,20
2737,19
2738,19
2739,20
2740,19
2741,19
2742,19
2743,19
2744,19
2745,19
2746,21
2747,19
2748,19
2749,19
2750,19
2751,21
2752,20
2753,19
2754,19
2755,31
2756,19
2757,20
2758,20
2759,19
2760,20
2761,19
2762,19
2763,20
2764,30
2765,20
2766,21
2767,20
2768,20
2769,19
2770,19
2771,21
2772,19
2773,30
2774,20
2775,19
2776,20
2777,20
2778,20
2779,20
2780,20
2781,19
2782,31
2783,19
2784,20
2785,21
2786,20
2787,20
2788,19
2789,19
2790,20
2791,33
2792,40
2793,30
2794,19
2795,20
2796,19
2797,20
2798,20
2799,19
2800,19
2801,30
2802,19
2803,19
2804,20
2805,20
2806,20
2807,20
2808,19
2809,20
2810,19
2811,28
2812,20
2813,20
2814,20
2815,20
2816,21
2817,19
2818,21
2819,21
2820,20
2821,28
2822,21
2823,19
2824,20
2825,21
2826,20
2827,21
2828,19
2829,20
2830,20
2831,28
2832,20
2833,22
2834,20
2835,21
2836,19
2837,21
2838,20
2839,19
2840,21
2841,29
2842,19
2843,20
2844,20
2845,21
2846,20
2847,20
2848,20
2849,20
2850,19
2851,27
2852,22
2853,20
2854,19
2855,19
2856,20
2857,20
2858,19
2859,19
2860,20
2861,26
2862,20
2863,19
2864,19
2865,19
2866,20
2867,20
2868,19
2869,19
2870,20
2871,25
2872,21
2873,19
2874,19
2875,20
2876,19
2877,20
2878,20
2879,20
2880,21
2881,25
2882,20
2883,21
2884,19
2885,20
2886,19
2887,19
2888,21
2889,19
2890,20
2891,26
2892,20
2893,19
2894,19
2895,20
2896,20
2897,20
2898,20
2899,20
2900,20
2901,25
2902,19
2903,19
2904,19
2905,20
2906,21
2907,19
2908,20
2909,19
2910,20
2911,25
2912,19
2913,19
2914,19
2915,20
2916,20
2917,19
2918,20
2919,20
2920,20
2921,24
2922,19
2923,20
2924,20
2925,21
2926,19
2927,19
2928,19
2929,19
2930,21
2931,24
2932,19
2933,20
2934,21
2935,19
2936,20
2937,19
2938,20
2939,21
2940,19
2941,24
2942,21
2943,19
2944,20
2945,20
2946,20
2947,20
2948,20
2949,20
2950,19
2951,23
2952,21
2953,19
2954,20
2955,23
2956,20
2957,20
2958,20
2959,20
2960,20
2961,22
2962,19
2963,19
2964,20
2965,21
2966,20
2967,20
2968,20
2969,20
2970,21
2971,21
2972,19
2973,19
2974,21
2975,20
2976,20
2977,20
2978,20
2979,20
2980,19
2981,21
2982,20
2983,21
2984,20
2985,20
2986,20
2987,20
2988,21
2989,20
2990,21
2991,22
2992,22
2993,22
2994,21
2995,20
2996,22
2997,20
2998,20
2999,22
3000,20
3001,22
3002,21
3003,21
3004,22
3005,19
3006,21
3007,22
3008,19
3009,20
3010,21
3011,22
3012,22
3013,22
3014,21
3015,22
3016,20
3017,20
3018,22
3019,20
3020,21
3021,21
3022,20
3023,21
3024,20
3025,20
3026,22
3027,20
3028,21
3029,21
3030,31
3031,20
3032,22
3033,19
3034,21
3035,20
3036,21
3037,21
3038,20
3039,32
3040,20
3041,21
3042,20
3043,21
3044,21
3045,20
3046,22
3047,20
3048,31
3049,21
3050,20
3051,21
3052,21
3053,21
3054,20
3055,21
3056,21
3057,31
3058,21
3059,20
3060,21
3061,21
3062,22
3063,21
3064,20
3065,21
3066,31
3067,22
3068,20
3069,21
3070,21
3071,22
3072,21
3073,20
3074,21
3075,32
3076,21
3077,21
3078,20
3079,21
3080,21
3081,21
3082,20
3083,22
3084,31
3085,21
3086,21
3087,21
3088,21
3089,22
3090,21
3091,20
3092,21
3093,31
3094,22
3095,22
3096,21
3097,21
3098,23
3099,21
3100,22
3101,23
3102,30
3103,23
3104,21
3105,22
3106,22
3107,22
3108,23
3109,21
3110,22
3111,31
3112,21
3113,23
3114,22
3115,22
3116,22
3117,21
3118,22
3119,22
3120,30
3121,23
3122,21
3123,22
3124,23
3125,21
3126,22
3127,23
3128,21
3129,31
3130,25
3131,32
3132,24
3133,22
3134,22
3135,23
3136,22
3137,21
3138,30
3139,22
3140,23
3141,22
3142,23
3143,22
3144,22
3145,23
3146,22
3147,29
3148,23
3149,22
3150,24
3151,22
3152,23
3153,23
3154,22
3155,23
3156,29
3157,23
3158,22
3159,22
3160,24
3161,22
3162,22
3163,23
3164,22
3165,30
3166,23
3167,24
3168,23
3169,25
3170,23
3171,23
3172,24
3173,22
3174,33
3175,27
3176,23
3177,22
3178,23
3179,22
3180,24
3181,22
3182,23
3183,29
3184,23
3185,22
3186,22
3187,23
3188,23
3189,21
3190,23
3191,22
3192,28
3193,21
3194,22
3195,23
3196,21
3197,23
3198,23
3199,22
3200,22
3201,29
3202,23
3203,22
3204,22
3205,23
3206,22
3207,22
3208,23
3209,22
3210,29
3211,22
3212,22
3213,23
3214,22
3215,22
3216,23
3217,23
3218,22
3219,28
3220,23
3221,23
3222,22
3223,23
3224,23
3225,22
3226,23
3227,22
3228,28
3229,22
3230,22
3231,23
3232,22
3233,23
3234,22
3235,22
3236,22
3237,28
3238,24
3239,25
3240,25
3241,26
3242,23
3243,25
3244,25
3245,23
3246,27
3247,23
3248,23
3249,23
3250,23
3251,23
3252,24
3253,22
3254,23
3255,27
3256,22
3257,23
3258,23
3259,22
3260,23
3261,23
3262,22
3263,23
3264,26
3265,24
3266,22
3267,23
3268,23
3269,22
3270,24
3271,22
3272,22
3273,27
3274,22
3275,23
3276,23
3277,23
3278,24
3279,22
3280,23
3281,23
3282,28
3283,22
3284,24
3285,24
3286,22
3287,23
3288,22
3289,22
3290,24
3291,26
3292,24
3293,22
3294,24
3295,23
3296,23
3297,23
3298,24
3299,25
3300,25
3301,25
3302,22
3303,24
3304,23
3305,23
3306,24
3307,22
3308,26
3309,25
3310,24
3311,22
3312,22
3313,23
3314,22
3315,22
3316,23
3317,22
3318,24
3319,23
3320,21
3321,22
3322,23
3323,22
3324,22
3325,23
3326,22
3327,24
3328,22
3329,22
3330,23
3331,23
3332,22
3333,23
3334,22
3335,21
3336,23
3337,22
3338,23
3339,22
3340,23
3341,23
3342,22
3343,23
3344,23
3345,23
3346,22
3347,23
3348,22
3349,23
3350,22
3351,21
3352,24
3353,22
3354,24
3355,23
3356,22
3357,23
3358,24
3359,22
3360,23
3361,24
3362,36
3363,24
3364,23
3365,24
3366,24
3367,23
3368,24
3369,24
3370,35
3371,23
3372,22
3373,23
3374,23
3375,22
3376,24
3377,23
3378,35
3379,22
3380,24
3381,23
3382,23
3383,23
3384,23
3385,23
3386,34
3387,22
3388,22
3389,24
3390,23
3391,22
3392,24
3393,22
3394,36
3395,48
3396,28
3397,22
3398,23
3399,23
3400,22
3401,23
3402,22
3403,32
3404,23
3405,23
3406,24
3407,23
3408,23
3409,24
3410,23
3411,23
3412,32
3413,24
3414,23
3415,25
3416,25
3417,24
3418,24
3419,24
3420,24
3421,31
3422,23
3423,24
3424,22
3425,24
3426,26
3427,27
3428,26
3429,23
3430,33
3431,26
3432,23
3433,23
3434,24
3435,23
3436,23
3437,23
3438,24
3439,30
3440,23
3441,23
3442,26
3443,26
3444,26
3445,23
3446,24
3447,23
3448,30
3449,23
3450,23
3451,23
3452,24
3453,23
3454,23
3455,23
3456,23
3457,30
3458,23
3459,23
3460,23
3461,23
3462,23
3463,24
3464,23
3465,23
3466,29
3467,23
3468,24
3469,22
3470,23
3471,23
3472,22
3473,24
3474,23
3475,30
3476,23
3477,23
3478,26
3479,23
3480,24
3481,24
3482,24
3483,23
3484,30
3485,23
3486,24
3487,23
3488,23
3489,24
3490,23
3491,24
3492,23
3493,30
3494,22
3495,24
3496,24
3497,24
3498,24
3499,23
3500,24
3501,24
3502,29
3503,23
3504,25
3505,23
3506,25
3507,23
3508,25
3509,24
3510,24
3511,28
3512,24
3513,23
3514,24
3515,24
3516,24
3517,26
3518,25
3519,25
3520,29
3521,24
3522,25
3523,25
3524,25
3525,24
3526,24
3527,25
3528,25
3529,30
3530,26
3531,24
3532,25
3533,25
3534,25
3535,25
3536,25
3537,24
3538,30
3539,25
3540,30
3541,28
3542,25
3543,26
3544,25
3545,24
3546,26
3547,29
3548,30
3549,28
3550,27
3551,28
3552,26
3553,24
3554,25
3555,25
3556,29
3557,26
3558,25
3559,26
3560,24
3561,27
3562,24
3563,26
3564,26
3565,29
3566,26
3567,24
3568,26
3569,25
3570,27
3571,24
3572,26
3573,25
3574,29
3575,24
3576,26
3577,26
3578,25
3579,26
3580,24
3581,26
3582,24
3583,30
3584,25
3585,26
3586,25
3587,26
3588,24
3589,26
3590,26
3591,25
3592,30
3593,24
3594,27
3595,25
3596,26
3597,26
3598,25
3599,26
3600,25
3601,30
3602,25
3603,25
3604,26
3605,26
3606,27
3607,25
3608,26
3609,25
3610,28
3611,26
3612,25
3613,26
3614,26
3615,26
3616,25
3617,26
3618,26
3619,28
3620,26
3621,25
3622,26
3623,26
3624,26
3625,25
3626,26
3627,26
3628,28
3629,27
3630,25
3631,27
3632,25
3633,27
3634,25
3635,26
3636,26
3637,27
3638,27
3639,25
3640,26
3641,26
3642,26
3643,26
3644,25
3645,26
3646,27
3647,26
3648,25
3649,26
3650,27
3651,26
3652,26
3653,25
3654,39
3655,28
3656,26
3657,26
3658,27
3659,26
3660,26
3661,27
3662,40
3663,25
3664,27
3665,28
3666,25
3667,27
3668,27
3669,26
3670,39
3671,28
3672,26
3673,25
3674,27
3675,27
3676,26
3677,27
3678,38
3679,26
3680,27
3681,26
3682,26
3683,27
3684,27
3685,25
3686,40
3687,28
3688,28
3689,26
3690,26
3691,26
3692,25
3693,27
3694,38
3695,25
3696,25
3697,27
3698,25
3699,27
3700,25
3701,27
3702,38
3703,28
3704,25
3705,26
3706,26
3707,28
3708,25
3709,24
3710,36
3711,26
3712,24
3713,26
3714,25
3715,29
3716,27
3717,25
3718,37
3719,26
3720,26
3721,26
3722,27
3723,26
3724,26
3725,24
3726,36
3727,25
3728,26
3729,25
3730,25
3731,26
3732,25
3733,25
3734,37
3735,26
3736,24
3737,25
3738,25
3739,26
3740,24
3741,25
3742,36
3743,27
3744,27
3745,27
3746,27
3747,25
3748,27
3749,26
3750,37
3751,25
3752,26
3753,24
3754,26
3755,25
3756,26
3757,25
3758,36
3759,25
3760,26
3761,26
3762,25
3763,26
3764,26
3765,26
3766,36
3767,26
3768,25
3769,25
3770,26
3771,26
3772,25
3773,25
3774,35
3775,26
3776,26
3777,28
3778,24
3779,25
3780,26
3781,25
3782,36
3783,26
3784,24
3785,25
3786,25
3787,27
3788,24
3789,26
3790,35
3791,24
3792,27
3793,26
3794,25
3795,26
3796,25
3797,26
3798,35
3799,25
3800,25
3801,25
3802,26
3803,25
3804,25
3805,26
3806,35
3807,27
3808,25
3809,25
3810,26
3811,26
3812,26
3813,25
3814,34
3815,25
3816,26
3817,25
3818,26
3819,25
3820,26
3821,25
3822,36
3823,25
3824,24
3825,26
3826,25
3827,25
3828,26
3829,25
3830,35
3831,30
3832,28
3833,26
3834,27
3835,26
3836,25
3837,26
3838,33
3839,27
3840,25
3841,26
3842,26
3843,26
3844,26
3845,26
3846,34
3847,26
3848,26
3849,27
3850,27
3851,25
3852,27
3853,26
3854,34
3855,26
3856,27
3857,25
3858,26
3859,27
3860,27
3861,26
3862,33
3863,26
3864,27
3865,26
3866,27
3867,25
3868,26
3869,27
3870,34
3871,27
3872,27
3873,26
3874,26
3875,27
3876,26
3877,27
3878,33
3879,27
3880,26
3881,26
3882,27
3883,27
3884,26
3885,26
3886,34
3887,26
3888,26
3889,26
3890,26
3891,27
3892,27
3893,27
3894,35
3895,28
3896,27
3897,27
3898,29
3899,27
3900,27
3901,28
3902,34
3903,27
3904,27
3905,28
3906,27
3907,28
3908,28
3909,27
3910,33
3911,28
3912,28
3913,26
3914,27
3915,27
3916,27
3917,27
3918,33
3919,26
3920,27
3921,27
3922,27
3923,28
3924,28
3925,26
3926,34
3927,28
3928,27
3929,26
3930,28
3931,27
3932,27
3933,28
3934,32
3935,26
3936,27
3937,27
3938,27
3939,28
3940,26
3941,27
3942,34
3943,27
3944,27
3945,41
3946,34
3947,29
3948,28
3949,27
3950,32
3951,26
3952,27
3953,28
3954,27
3955,28
3956,27
3957,26
3958,33
3959,29
3960,28
3961,27
3962,29
3963,28
3964,28
3965,28
3966,34
3967,30
3968,27
3969,29
3970,30
3971,30
3972,28
3973,28
3974,33
3975,28
3976,28
3977,27
3978,29
3979,27
3980,27
3981,28
3982,31
3983,27
3984,28
3985,28
3986,26
3987,28
3988,27
3989,27
3990,32
3991,30
3992,29
3993,28
3994,28
3995,30
3996,27
3997,29
3998,36
3999,32
4000,29
4001,30
4002,28
4003,28
4004,30
4005,28
4006,32
4007,28
4008,29
4009,30
4010,28
4011,28
4012,28
4013,27
4014,32
4015,28
4016,27
4017,27
4018,28
4019,28
4020,27
4021,28
4022,30
4023,27
4024,27
4025,28
4026,27
4027,28
4028,28
4029,27
4030,30
4031,27
4032,27
4033,28
4034,28
4035,27
4036,28
4037,28
4038,29
4039,28
4040,28
4041,27
4042,28
4043,28
4044,27
4045,28
4046,30
4047,28
4048,27
4049,28
4050,28
4051,27
4052,28
4053,27
4054,30
4055,28
4056,29
4057,27
4058,28
4059,28
4060,27
4061,28
4062,30
4063,28
4064,27
4065,28
4066,27
4067,27
4068,29
4069,27
4070,29
4071,29
4072,28
4073,26
4074,28
4075,27
4076,26
4077,27
4078,28
4079,28
4080,27
4081,27
4082,27
4083,27
4084,27
4085,28
4086,28
4087,27
4088,27
4089,27
4090,27
4091,27
4092,27
4093,27
4094,28
4095,27
4096,27
4097,28
4098,26
4099,27
4100,27
4101,28
4102,28
4103,27
4104,27
4105,27
4106,27
4107,28
4108,27
4109,43
4110,33
4111,27
4112,27
4113,27
4114,28
4115,26
4116,42
4117,28
4118,27
4119,28
4120,27
4121,27
4122,27
4123,47
4124,31
4125,28
4126,28
4127,28
4128,28
4129,29
4130,42
4131,29
4132,28
4133,28
4134,28
4135,28
4136,29
4137,45
4138,59
4139,28
4140,28
4141,29
4142,28
4143,27
4144,29
4145,36
4146,28
4147,27
4148,28
4149,28
4150,27
4151,27
4152,27
4153,36
4154,28
4155,28
4156,28
4157,27
4158,28
4159,28
4160,27
4161,36
4162,28
4163,29
4164,29
4165,28
4166,27
4167,28
4168,28
4169,36
4170,28
4171,28
4172,28
4173,27
4174,28
4175,28
4176,28
4177,35
4178,27
4179,29
4180,27
4181,27
4182,29
4183,28
4184,27
4185,36
4186,28
4187,28
4188,27
4189,28
4190,28
4191,28
4192,28
4193,34
4194,28
4195,27
4196,28
4197,29
4198,27
4199,28
4200,28
4201,35
4202,27
4203,27
4204,28
4205,27
4206,29
4207,28
4208,27
4209,34
4210,28
4211,27
4212,28
4213,28
4214,28
4215,27
4216,28
4217,34
4218,28
4219,28
4220,27
4221,28
4222,27
4223,28
4224,28
4225,34
4226,27
4227,27
4228,28
4229,27
4230,28
4231,28
4232,27
4233,34
4234,28
4235,29
4236,29
4237,29
4238,30
4239,28
4240,28
4241,35
4242,28
4243,31
4244,30
4245,28
4246,32
4247,32
4248,33
4249,41
4250,31
4251,30
4252,29
4253,31
4254,30
4255,31
4256,29
4257,36
4258,29
4259,29
4260,30
4261,30
4262,30
4263,29
4264,30
4265,36
4266,30
4267,30
4268,36
4269,31
4270,31
4271,31
4272,30
4273,36
4274,31
4275,31
4276,31
4277,31
4278,32
4279,31
4280,32
4281,34
4282,29
4283,29
4284,30
4285,31
4286,30
4287,29
4288,30
4289,36
4290,32
4291,31
4292,30
4293,31
4294,30
4295,30
4296,29
4297,34
4298,30
4299,31
4300,30
4301,31
4302,33
4303,30
4304,30
4305,36
4306,33
4307,33
4308,33
4309,31
4310,31
4311,32
4312,32
4313,34
4314,31
4315,32
4316,32
4317,32
4318,33
4319,32
4320,32
4321,35
4322,32
4323,30
4324,31
4325,32
4326,32
4327,31
4328,32
4329,34
4330,31
4331,30
4332,29
4333,30
4334,30
4335,29
4336,29
4337,32
4338,30
4339,29
4340,30
4341,33
4342,33
4343,32
4344,30
4345,33
4346,31
4347,30
4348,30
4349,30
4350,29
4351,30
4352,30
4353,32
4354,30
4355,29
4356,29
4357,31
4358,30
4359,30
4360,29
4361,32
4362,30
4363,30
4364,30
4365,29
4366,29
4367,30
4368,30
4369,33
4370,30
4371,29
4372,30
4373,30
4374,30
4375,29
4376,30
4377,32
4378,30
4379,30
4380,29
4381,30
4382,30
4383,30
4384,30
4385,31
4386,29
4387,29
4388,31
4389,30
4390,30
4391,29
4392,30
4393,32
4394,30
4395,30
4396,29
4397,30
4398,30
4399,31
4400,30
4401,31
4402,29
4403,30
4404,31
4405,30
4406,30
4407,30
4408,32
4409,31
4410,29
4411,29
4412,29
4413,29
4414,29
4415,29
4416,45
4417,31
4418,30
4419,30
4420,29
4421,31
4422,31
4423,45
4424,29
4425,29
4426,29
4427,29
4428,30
4429,29
4430,45
4431,30
4432,29
4433,30
4434,29
4435,31
4436,30
4437,45
4438,29
4439,31
4440,31
4441,30
4442,30
4443,33
4444,47
4445,58
4446,29
4447,29
4448,28
4449,29
4450,31
4451,29
4452,38
4453,30
4454,33
4455,30
4456,30
4457,30
4458,30
4459,31
4460,38
4461,29
4462,29
4463,30
4464,30
4465,30
4466,30
4467,30
4468,39
4469,31
4470,31
4471,29
4472,30
4473,30
4474,28
4475,28
4476,37
4477,29
4478,29
4479,33
4480,32
4481,33
4482,32
4483,30
4484,40
4485,32
4486,33
4487,32
4488,31
4489,31
4490,30
4491,30
4492,37
4493,30
4494,30
4495,29
4496,29
4497,29
4498,30
4499,29
4500,36
4501,29
4502,30
4503,29
4504,30
4505,30
4506,29
4507,28
4508,36
4509,29
4510,30
4511,29
4512,30
4513,30
4514,30
4515,30
4516,37
4517,30
4518,30
4519,29
4520,30
4521,30
4522,30
4523,30
4524,36
4525,30
4526,30
4527,30
4528,30
4529,31
4530,30
4531,29
4532,35
4533,30
4534,29
4535,30
4536,30
4537,30
4538,30
4539,30
4540,36
4541,31
4542,30
4543,30
4544,29
4545,30
4546,30
4547,29
4548,36
4549,30
4550,30
4551,31
4552,29
4553,31
4554,32
4555,31
4556,35
4557,31
4558,30
4559,30
4560,30
4561,33
4562,32
4563,31
4564,38
4565,32
4566,30
4567,31
4568,32
4569,33
4570,32
4571,32
4572,38
4573,32
4574,32
4575,31
4576,31
4577,31
4578,31
4579,31
4580,37
4581,31
4582,32
4583,32
4584,32
4585,33
4586,33
4587,32
4588,37
4589,32
4590,33
4591,32
4592,34
4593,33
4594,31
4595,32
4596,36
4597,31
4598,32
4599,31
4600,31
4601,31
4602,32
4603,32
4604,37
4605,31
4606,32
4607,32
4608,32
4609,33
4610,31
4611,31
4612,37
4613,32
4614,33
4615,32
4616,31
4617,33
4618,32
4619,32
4620,35
4621,31
4622,31
4623,31
4624,32
4625,32
4626,33
4627,32
4628,36
4629,33
4630,34
4631,32
4632,33
4633,32
4634,32
4635,32
4636,36
4637,32
4638,32
4639,33
4640,32
4641,33
4642,33
4643,33
4644,35
4645,32
4646,33
4647,33
4648,34
4649,32
4650,32
4651,32
4652,35
4653,31
4654,32
4655,31
4656,32
4657,34
4658,39
4659,33
4660,36
4661,34
4662,34
4663,35
4664,34
4665,33
4666,33
4667,32
4668,40
4669,33
4670,32
4671,35
4672,40
4673,39
4674,40
4675,36
4676,34
4677,33
4678,33
4679,33
4680,32
4681,32
4682,31
4683,31
4684,34
4685,31
4686,33
4687,34
4688,33
4689,33
4690,33
4691,32
4692,35
4693,33
4694,32
4695,33
4696,33
4697,33
4698,33
4699,32
4700,35
4701,32
4702,34
4703,33
4704,33
4705,33
4706,33
4707,33
4708,34
4709,33
4710,33
4711,34
4712,34
4713,39
4714,36
4715,34
4716,35
4717,34
4718,34
4719,34
4720,35
4721,33
4722,32
4723,33
4724,33
4725,31
4726,31
4727,30
4728,31
4729,31
4730,32
4731,31
4732,32
4733,31
4734,32
4735,31
4736,31
4737,31
4738,32
4739,48
4740,31
4741,31
4742,31
4743,31
4744,31
4745,31
4746,48
4747,32
4748,32
4749,31
4750,32
4751,32
4752,31
4753,48
4754,30
4755,31
4756,31
4757,31
4758,32
4759,32
4760,47
4761,30
4762,31
4763,31
4764,31
4765,32
4766,32
4767,50
4768,31
4769,31
4770,30
4771,31
4772,32
4773,31
4774,49
4775,58
4776,31
4777,31
4778,31
4779,31
4780,32
4781,32
4782,38
4783,31
4784,31
4785,32
4786,31
4787,32
4788,32
4789,32
4790,39
4791,31
4792,31
4793,32
4794,32
4795,32
4796,32
4797,33
4798,38
4799,32
4800,32
4801,32
4802,32
4803,31
4804,32
4805,31
4806,39
4807,31
4808,32
4809,30
4810,30
4811,32
4812,31
4813,31
4814,38
4815,31
4816,32
4817,31
4818,31
4819,32
4820,31
4821,31
4822,38
4823,31
4824,31
4825,31
4826,31
4827,32
4828,32
4829,32
4830,37
4831,32
4832,32
4833,31
4834,32
4835,31
4836,31
4837,31
4838,36
4839,31
4840,30
4841,32
4842,31
4843,32
4844,32
4845,32
4846,37
4847,32
4848,32
4849,32
4850,32
4851,32
4852,32
4853,32
4854,38
4855,32
4856,32
4857,32
4858,32
4859,32
4860,32
4861,32
4862,37
4863,33
4864,31
4865,32
4866,33
4867,32
4868,32
4869,32
4870,37
4871,32
4872,32
4873,32
4874,36
4875,32
4876,34
4877,33
4878,39
4879,34
4880,35
4881,34
4882,33
4883,35
4884,33
4885,33
4886,39
4887,34
4888,34
4889,34
4890,34
4891,34
4892,34
4893,33
4894,39
4895,34
4896,33
4897,34
4898,35
4899,36
4900,35
4901,37
4902,39
4903,33
4904,33
4905,34
4906,34
4907,33
4908,33
4909,33
4910,38
4911,33
4912,34
4913,34
4914,34
4915,34
4916,35
4917,34
4918,38
4919,34
4920,34
4921,34
4922,33
4923,34
4924,34
4925,33
4926,38
4927,37
4928,36
4929,36
4930,36
4931,36
4932,36
4933,36
4934,37
4935,34
4936,34
4937,34
4938,33
4939,34
4940,34
4941,34
4942,37
4943,35
4944,35
4945,35
4946,36
4947,35
4948,34
4949,34
4950,35
4951,33
4952,33
4953,34
4954,33
4955,35
4956,34
4957,33
4958,36
4959,35
4960,34
4961,34
4962,34
4963,34
4964,35
4965,33
4966,36
4967,34
4968,33
4969,33
4970,34
4971,34
4972,34
4973,33
4974,36
4975,34
4976,34
4977,33
4978,34
4979,34
4980,34
4981,34
4982,35
4983,34
4984,33
4985,33
4986,34
4987,35
4988,35
4989,45
4990,43
4991,34
4992,34
4993,35
4994,33
4995,35
4996,34
4997,34
4998,36
4999,34
5000,33
5001,34
5002,35
5003,34
5004,34
5005,34
5006,35
5007,34
5008,35
5009,34
5010,34
5011,34
5012,35
5013,34
5014,36
5015,34
5016,34
5017,34
5018,34
5019,36
5020,38
5021,51
5022,33
5023,33
5024,33
5025,33
5026,33
5027,33
5028,51
5029,32
5030,34
5031,32
5032,33
5033,33
5034,34
5035,50
5036,33
5037,32
5038,33
5039,32
5040,32
5041,32
5042,51
5043,35
5044,33
5045,34
5046,33
5047,33
5048,33
5049,50
5050,33
5051,33
5052,32
5053,33
5054,33
5055,32
5056,50
5057,33
5058,33
5059,33
5060,34
5061,33
5062,33
5063,51
5064,32
5065,33
5066,33
5067,33
5068,33
5069,33
5070,52
5071,33
5072,34
5073,34
5074,33
5075,33
5076,34
5077,50
5078,33
5079,33
5080,33
5081,33
5082,50
5083,39
5084,53
5085,33
5086,34
5087,33
5088,34
5089,34
5090,33
5091,51
5092,34
5093,35
5094,35
5095,35
5096,34
5097,34
5098,49
5099,33
5100,33
5101,33
5102,33
5103,33
5104,33
5105,53
5106,41
5107,38
5108,40
5109,39
5110,39
5111,35
5112,49
5113,33
5114,33
5115,33
5116,34
5117,33
5118,35
5119,50
5120,34
5121,33
5122,33
5123,34
5124,33
5125,34
5126,49
5127,34
5128,34
5129,33
5130,35
5131,33
5132,34
5133,50
5134,33
5135,34
5136,33
5137,33
5138,33
5139,34
5140,49
5141,34
5142,33
5143,34
5144,34
5145,34
5146,35
5147,50
5148,35
5149,34
5150,34
5151,34
5152,34
5153,34
5154,50
5155,33
5156,33
5157,34
5158,33
5159,35
5160,35
5161,48
5162,36
5163,35
5164,35
5165,35
5166,34
5167,35
5168,51
5169,36
5170,36
5171,34
5172,34
5173,34
5174,36
5175,51
5176,36
5177,37
5178,36
5179,35
5180,35
5181,35
5182,50
5183,37
5184,35
5185,36
5186,37
5187,35
5188,36
5189,51
5190,35
5191,36
5192,35
5193,37
5194,35
5195,36
5196,49
5197,36
5198,35
5199,35
5200,35
5201,35
5202,35
5203,49
5204,36
5205,36
5206,36
5207,35
5208,35
5209,36
5210,49
5211,35
5212,37
5213,34
5214,35
5215,36
5216,35
5217,50
5218,35
5219,35
5220,37
5221,35
5222,36
5223,35
5224,50
5225,35
5226,36
5227,36
5228,35
5229,36
5230,35
5231,52
5232,37
5233,37
5234,39
5235,37
5236,36
5237,36
5238,49
5239,35
5240,36
5241,36
5242,36
5243,36
5244,36
5245,49
5246,36
5247,36
5248,36
5249,38
5250,35
5251,36
5252,49
5253,35
5254,36
5255,37
5256,36
5257,36
5258,36
5259,49
5260,37
5261,36
5262,36
5263,36
5264,35
5265,36
5266,48
5267,37
5268,36
5269,38
5270,36
5271,36
5272,35
5273,50
5274,36
5275,35
5276,38
5277,38
5278,36
5279,37
5280,49
5281,35
5282,37
5283,35
5284,37
5285,35
5286,37
5287,50
5288,36
5289,37
5290,37
5291,38
5292,38
5293,35
5294,46
5295,35
5296,34
5297,34
5298,35
5299,34
5300,34
5301,48
5302,36
5303,35
5304,36
5305,36
5306,39
5307,38
5308,47
5309,35
5310,35
5311,36
5312,34
5313,34
5314,34
5315,45
5316,34
5317,34
5318,34
5319,38
5320,41
5321,35
5322,46
5323,34
5324,34
5325,35
5326,34
5327,35
5328,35
5329,45
5330,36
5331,35
5332,35
5333,35
5334,36
5335,36
5336,46
5337,35
5338,35
5339,34
5340,35
5341,36
5342,35
5343,46
5344,35
5345,35
5346,36
5347,34
5348,36
5349,34
5350,45
5351,35
5352,34
5353,35
5354,35
5355,35
5356,35
5357,45
5358,35
5359,35
5360,35
5361,35
5362,36
5363,35
5364,45
5365,34
5366,34
5367,34
5368,35
5369,36
5370,36
5371,45
5372,37
5373,35
5374,37
5375,35
5376,36
5377,37
5378,45
5379,35
5380,36
5381,36
5382,35
5383,35
5384,35
5385,46
5386,36
5387,35
5388,35
5389,35
5390,35
5391,36
5392,44
5393,35
5394,35
5395,35
5396,36
5397,35
5398,37
5399,46
5400,35
5401,36
5402,35
5403,36
5404,36
5405,36
5406,44
5407,36
5408,35
5409,34
5410,35
5411,35
5412,34
5413,43
5414,37
5415,37
5416,36
5417,36
5418,35
5419,35
5420,47
5421,38
5422,38
5423,35
5424,36
5425,35
5426,35
5427,44
5428,37
5429,37
5430,38
5431,38
5432,37
5433,37
5434,46
5435,36
5436,37
5437,37
5438,36
5439,36
5440,37
5441,45
5442,37
5443,37
5444,36
5445,36
5446,37
5447,36
5448,46
5449,37
5450,38
5451,37
5452,37
5453,37
5454,37
5455,46
5456,38
5457,38
5458,38
5459,39
5460,38
5461,38
5462,45
5463,38
5464,37
5465,38
5466,38
5467,38
5468,37
5469,45
5470,39
5471,38
5472,37
5473,39
5474,38
5475,37
5476,54
5477,38
5478,38
5479,38
5480,38
5481,37
5482,37
5483,45
5484,37
5485,38
5486,37
5487,36
5488,39
5489,37
5490,44
5491,36
5492,37
5493,37
5494,36
5495,37
5496,38
5497,44
5498,37
5499,37
5500,37
5501,36
5502,37
5503,37
5504,45
5505,37
5506,38
5507,37
5508,36
5509,37
5510,38
5511,43
5512,38
5513,37
5514,37
5515,36
5516,37
5517,37
5518,44
5519,37
5520,37
5521,37
5522,37
5523,37
5524,37
5525,44
5526,37
5527,38
5528,37
5529,36
5530,37
5531,37
5532,43
5533,37
5534,37
5535,38
5536,38
5537,38
5538,38
5539,44
5540,37
5541,37
5542,38
5543,37
5544,37
5545,37
5546,43
5547,37
5548,38
5549,37
5550,37
5551,39
5552,38
5553,44
5554,39
5555,38
5556,38
5557,39
5558,38
5559,39
5560,44
5561,36
5562,36
5563,35
5564,36
5565,36
5566,35
5567,41
5568,36
5569,36
5570,36
5571,36
5572,36
5573,36
5574,42
5575,37
5576,37
5577,38
5578,38
5579,37
5580,36
5581,40
5582,36
5583,35
5584,35
5585,36
5586,36
5587,36
5588,41
5589,36
5590,36
5591,36
5592,35
5593,36
5594,36
5595,40
5596,36
5597,36
5598,37
5599,35
5600,36
5601,36
5602,39
5603,36
5604,35
5605,35
5606,36
5607,36
5608,53
5609,44
5610,37
5611,37
5612,37
5613,36
5614,37
5615,36
5616,39
5617,36
5618,37
5619,37
5620,38
5621,38
5622,37
5623,39
5624,36
5625,37
5626,36
5627,36
5628,36
5629,38
5630,42
5631,38
5632,36
5633,37
5634,36
5635,37
5636,37
5637,41
5638,37
5639,38
5640,37
5641,37
5642,37
5643,37
5644,39
5645,37
5646,36
5647,37
5648,36
5649,37
5650,36
5651,39
5652,36
5653,36
5654,37
5655,38
5656,36
5657,37
5658,40
5659,38
5660,36
5661,38
5662,40
5663,37
5664,38
5665,38
5666,37
5667,36
5668,36
5669,37
5670,37
5671,38
5672,39
5673,38
5674,37
5675,37
5676,38
5677,38
5678,38
5679,40
5680,36
5681,37
5682,36
5683,38
5684,39
5685,37
5686,39
5687,36
5688,36
5689,36
5690,38
5691,36
5692,36
5693,38
5694,37
5695,38
5696,38
5697,39
5698,39
5699,39
5700,40
5701,39
5702,39
5703,40
5704,40
5705,41
5706,40
5707,41
5708,40
5709,41
5710,42
5711,41
5712,42
5713,39
5714,41
5715,38
5716,39
5717,39
5718,39
5719,40
5720,38
5721,38
5722,39
5723,38
5724,38
5725,38
5726,39
5727,38
5728,40
5729,39
5730,39
5731,38
5732,39
5733,39
5734,60
5735,40
5736,39
5737,39
5738,39
5739,39
5740,39
5741,42
5742,39
5743,39
5744,38
5745,39
5746,38
5747,60
5748,40
5749,38
5750,40
5751,39
5752,39
5753,38
5754,41
5755,39
5756,38
5757,40
5758,38
5759,39
5760,59
5761,38
5762,39
5763,38
5764,39
5765,39
5766,38
5767,42
5768,40
5769,39
5770,38
5771,39
5772,39
5773,59
5774,40
5775,39
5776,39
5777,39
5778,38
5779,40
5780,68
5781,40
5782,39
5783,38
5784,39
5785,40
5786,38
5787,47
5788,40
5789,38
5790,40
5791,39
5792,40
5793,39
5794,47
5795,39
5796,39
5797,40
5798,39
5799,40
5800,39
5801,47
5802,40
5803,39
5804,40
5805,40
5806,40
5807,41
5808,48
5809,40
5810,41
5811,40
5812,41
5813,40
5814,39
5815,46
5816,40
5817,44
5818,48
5819,40
5820,42
5821,39
5822,45
5823,38
5824,37
5825,37
5826,38
5827,39
5828,38
5829,45
5830,38
5831,38
5832,39
5833,38
5834,39
5835,38
5836,44
5837,38
5838,39
5839,38
5840,38
5841,38
5842,37
5843,43
5844,38
5845,37
5846,37
5847,38
5848,38
5849,37
5850,44
5851,37
5852,41
5853,38
5854,39
5855,38
5856,37
5857,44
5858,38
5859,38
5860,38
5861,53
5862,43
5863,38
5864,43
5865,37
5866,37
5867,37
5868,38
5869,38
5870,37
5871,43
5872,37
5873,37
5874,37
5875,39
5876,38
5877,38
5878,42
5879,37
5880,37
5881,38
5882,38
5883,37
5884,38
5885,42
5886,37
5887,38
5888,37
5889,37
5890,38
5891,37
5892,42
5893,36
5894,38
5895,37
5896,38
5897,38
5898,38
5899,43
5900,37
5901,38
5902,38
5903,37
5904,38
5905,37
5906,42
5907,37
5908,38
5909,38
5910,37
5911,39
5912,37
5913,43
5914,37
5915,38
5916,38
5917,38
5918,38
5919,38
5920,42
5921,37
5922,38
5923,38
5924,38
5925,38
5926,37
5927,41
5928,38
5929,38
5930,38
5931,38
5932,38
5933,37
5934,42
5935,38
5936,38
5937,38
5938,38
5939,39
5940,37
5941,43
5942,39
5943,40
5944,39
5945,39
5946,41
5947,40
5948,43
5949,43
5950,42
5951,43
5952,42
5953,43
5954,43
5955,44
5956,40
5957,40
5958,41
5959,40
5960,42
5961,41
5962,43
5963,41
5964,40
5965,40
5966,40
5967,41
5968,41
5969,42
5970,41
5971,43
5972,43
5973,42
5974,41
5975,40
5976,44
5977,41
5978,40
5979,43
5980,41
5981,45
5982,43
5983,46
5984,42
5985,42
5986,40
5987,42
5988,41
5989,41
5990,43
5991,41
5992,41
5993,42
5994,40
5995,42
5996,40
5997,44
5998,41
5999,42
6000,40
6001,41
6002,42
6003,42
6004,45
6005,43
6006,41
6007,43
6008,42
6009,43
6010,42
6011,43
6012,43
6013,41
6014,43
6015,40
6016,42
6017,41
6018,43
6019,41
6020,41
6021,41
6022,42
6023,40
6024,43
6025,42
6026,42
6027,40
6028,42
6029,41
6030,42
6031,42
6032,43
6033,41
6034,41
6035,41
6036,40
6037,41
6038,41
6039,44
6040,41
6041,42
6042,41
6043,42
6044,42
6045,41
6046,43
6047,40
6048,41
6049,41
6050,55
6051,43
6052,41
6053,43
6054,41
6055,42
6056,42
6057,42
6058,42
6059,41
6060,43
6061,41
6062,41
6063,42
6064,41
6065,43
6066,64
6067,47
6068,50
6069,44
6070,43
6071,41
6072,40
6073,42
6074,39
6075,40
6076,39
6077,40
6078,38
6079,61
6080,39
6081,40
6082,40
6083,40
6084,39
6085,40
6086,43
6087,40
6088,40
6089,40
6090,38
6091,40
6092,61
6093,40
6094,40
6095,40
6096,39
6097,40
6098,39
6099,41
6100,39
6101,41
6102,38
6103,39
6104,40
6105,58
6106,39
6107,39
6108,39
6109,40
6110,39
6111,39
6112,67
6113,40
6114,38
6115,39
6116,39
6117,39
6118,39
6119,47
6120,39
6121,39
6122,38
6123,39
6124,41
6125,40
6126,46
6127,39
6128,41
6129,40
6130,39
6131,40
6132,39
6133,47
6134,39
6135,39
6136,41
6137,63
6138,42
6139,41
6140,47
6141,40
6142,41
6143,41
6144,41
6145,40
6146,41
6147,47
6148,40
6149,40
6150,41
6151,41
6152,41
6153,40
6154,47
6155,41
6156,41
6157,40
6158,41
6159,41
6160,42
6161,47
6162,43
6163,43
6164,41
6165,42
6166,40
6167,41
6168,45
6169,41
6170,40
6171,40
6172,40
6173,40
6174,41
6175,47
6176,41
6177,40
6178,42
6179,46
6180,43
6181,44
6182,48
6183,42
6184,43
6185,41
6186,41
6187,40
6188,42
6189,47
6190,43
6191,42
6192,41
6193,42
6194,43
6195,42
6196,48
6197,41
6198,42
6199,44
6200,43
6201,42
6202,42
6203,47
6204,41
6205,42
6206,42
6207,41
6208,42
6209,42
6210,46
6211,40
6212,42
6213,41
6214,42
6215,41
6216,41
6217,47
6218,42
6219,41
6220,43
6221,41
6222,42
6223,41
6224,47
6225,42
6226,43
6227,43
6228,43
6229,43
6230,42
6231,50
6232,42
6233,42
6234,42
6235,45
6236,42
6237,43
6238,47
6239,42
6240,42
6241,41
6242,42
6243,42
6244,45
6245,46
6246,41
6247,43
6248,41
6249,43
6250,42
6251,42
6252,47
6253,41
6254,43
6255,42
6256,42
6257,42
6258,42
6259,45
6260,41
6261,42
6262,42
6263,41
6264,41
6265,43
6266,48
6267,44
6268,45
6269,43
6270,43
6271,45
6272,42
6273,47
6274,43
6275,43
6276,46
6277,46
6278,44
6279,43
6280,47
6281,42
6282,43
6283,42
6284,43
6285,43
6286,44
6287,46
6288,43
6289,42
6290,42
6291,42
6292,43
6293,42
6294,46
6295,42
6296,42
6297,42
6298,43
6299,43
6300,42
6301,45
6302,42
6303,42
6304,42
6305,44
6306,44
6307,43
6308,47
6309,42
6310,41
6311,41
6312,41
6313,41
6314,41
6315,43
6316,40
6317,40
6318,42
6319,40
6320,41
6321,40
6322,43
6323,40
6324,41
6325,41
6326,41
6327,42
6328,42
6329,42
6330,41
6331,41
6332,40
6333,42
6334,41
6335,42
6336,42
6337,40
6338,40
6339,43
6340,40
6341,42
6342,40
6343,42
6344,41
6345,42
6346,40
6347,41
6348,41
6349,40
6350,41
6351,41
6352,40
6353,40
6354,41
6355,40
6356,40
6357,42
6358,40
6359,41
6360,39
6361,41
6362,41
6363,40
6364,43
6365,40
6366,41
6367,41
6368,40
6369,41
6370,65
6371,42
6372,41
6373,43
6374,42
6375,42
6376,42
6377,46
6378,43
6379,41
6380,43
6381,41
6382,44
6383,63
6384,41
6385,42
6386,40
6387,41
6388,41
6389,42
6390,43
6391,41
6392,42
6393,41
6394,40
6395,42
6396,62
6397,40
6398,41
6399,41
6400,40
6401,40
6402,42
6403,48
6404,44
6405,43
6406,45
6407,44
6408,45
6409,63
6410,41
6411,41
6412,40
6413,41
6414,42
6415,41
6416,43
6417,40
6418,62
6419,43
6420,41
6421,42
6422,61
6423,41
6424,40
6425,44
6426,45
6427,42
6428,44
6429,45
6430,45
6431,45
6432,43
6433,45
6434,45
6435,65
6436,44
6437,45
6438,45
6439,43
6440,45
6441,77
6442,48
6443,45
6444,43
6445,43
6446,43
6447,44
6448,45
6449,44
6450,44
6451,42
6452,44
6453,44
6454,66
6455,43
6456,46
6457,43
6458,43
6459,43
6460,66
6461,44
6462,43
6463,43
6464,44
6465,46
6466,68
6467,43
6468,44
6469,44
6470,43
6471,44
6472,44
6473,44
6474,42
6475,42
6476,43
6477,46
6478,44
6479,65
6480,45
6481,46
6482,44
6483,54
6484,44
6485,65
6486,45
6487,45
6488,45
6489,47
6490,43
6491,67
6492,44
6493,44
6494,43
6495,43
6496,43
6497,67
6498,44
6499,43
6500,43
6501,43
6502,44
6503,66
6504,44
6505,44
6506,43
6507,43
6508,43
6509,69
6510,67
6511,44
6512,44
6513,47
6514,44
6515,45
6516,50
6517,45
6518,45
6519,44
6520,44
6521,44
6522,43
6523,48
6524,44
6525,44
6526,44
6527,45
6528,44
6529,46
6530,50
6531,44
6532,44
6533,44
6534,43
6535,42
6536,42
6537,44
6538,42
6539,41
6540,41
6541,42
6542,42
6543,42
6544,45
6545,41
6546,41
6547,41
6548,41
6549,42
6550,42
6551,47
6552,42
6553,43
6554,41
6555,43
6556,43
6557,42
6558,45
6559,41
6560,42
6561,42
6562,42
6563,42
6564,43
6565,45
6566,41
6567,42
6568,42
6569,42
6570,42
6571,43
6572,45
6573,42
6574,42
6575,42
6576,43
6577,42
6578,43
6579,45
6580,42
6581,42
6582,42
6583,43
6584,42
6585,42
6586,44
6587,43
6588,41
6589,42
6590,43
6591,43
6592,42
6593,46
6594,43
6595,42
6596,43
6597,43
6598,42
6599,43
6600,45
6601,42
6602,42
6603,43
6604,43
6605,42
6606,42
6607,45
6608,43
6609,42
6610,44
6611,43
6612,44
6613,44
6614,45
6615,42
6616,42
6617,43
6618,43
6619,42
6620,43
6621,45
6622,42
6623,42
6624,44
6625,42
6626,43
6627,43
6628,45
6629,42
6630,43
6631,44
6632,43
6633,42
6634,44
6635,44
6636,45
6637,43
6638,43
6639,43
6640,44
6641,45
6642,44
6643,47
6644,48
6645,44
6646,43
6647,44
6648,43
6649,44
6650,43
6651,46
6652,45
6653,45
6654,45
6655,44
6656,46
6657,45
6658,44
6659,44
6660,45
6661,43
6662,67
6663,45
6664,45
6665,44
6666,44
6667,44
6668,44
6669,50
6670,46
6671,47
6672,47
6673,46
6674,46
6675,71
6676,46
6677,47
6678,45
6679,46
6680,46
6681,45
6682,48
6683,46
6684,44
6685,45
6686,46
6687,53
6688,72
6689,48
6690,48
6691,47
6692,49
6693,47
6694,48
6695,51
6696,49
6697,46
6698,47
6699,49
6700,48
6701,70
6702,47
6703,45
6704,44
6705,46
6706,45
6707,46
6708,46
6709,44
6710,47
6711,45
6712,44
6713,47
6714,71
6715,45
6716,45
6717,44
6718,44
6719,44
6720,44
6721,45
6722,45
6723,44
6724,44
6725,44
6726,44
6727,67
6728,45
6729,45
6730,43
6731,45
6732,45
6733,67
6734,45
6735,46
6736,45
6737,46
6738,45
6739,44
6740,47
6741,46
6742,47
6743,48
6744,45
6745,46
6746,67
6747,50
6748,47
6749,46
6750,45
6751,45
6752,68
6753,46
6754,45
6755,44
6756,47
6757,44
6758,67
6759,43
6760,44
6761,43
6762,44
6763,43
6764,66
6765,44
6766,45
6767,43
6768,43
6769,44
6770,63
6771,43
6772,43
6773,43
6774,43
6775,43
6776,62
6777,45
6778,43
6779,44
6780,44
6781,45
6782,64
6783,43
6784,42
6785,43
6786,43
6787,42
6788,64
6789,41
6790,43
6791,43
6792,42
6793,44
6794,66
6795,44
6796,44
6797,41
6798,43
6799,43
6800,66
6801,46
6802,45
6803,44
6804,44
6805,44
6806,64
6807,44
6808,43
6809,42
6810,44
6811,44
6812,62
6813,43
6814,42
6815,43
6816,43
6817,41
6818,63
6819,42
6820,44
6821,42
6822,42
6823,43
6824,62
6825,43
6826,43
6827,43
6828,43
6829,42
6830,63
6831,43
6832,42
6833,43
6834,43
6835,43
6836,65
6837,45
6838,45
6839,44
6840,45
6841,44
6842,63
6843,44
6844,44
6845,44
6846,44
6847,43
6848,65
6849,44
6850,45
6851,46
6852,45
6853,44
6854,63
6855,44
6856,44
6857,43
6858,44
6859,43
6860,79
6861,47
6862,44
6863,44
6864,44
6865,45
6866,66
6867,46
6868,47
6869,46
6870,48
6871,45
6872,68
6873,46
6874,47
6875,47
6876,47
6877,46
6878,66
6879,46
6880,46
6881,46
6882,45
6883,45
6884,66
6885,46
6886,46
6887,45
6888,46
6889,46
6890,66
6891,47
6892,46
6893,50
6894,48
6895,48
6896,66
6897,47
6898,47
6899,45
6900,44
6901,46
6902,64
6903,46
6904,46
6905,45
6906,45
6907,45
6908,65
6909,47
6910,46
6911,46
6912,47
6913,46
6914,65
6915,46
6916,45
6917,46
6918,46
6919,46
6920,67
6921,50
6922,49
6923,50
6924,48
6925,49
6926,65
6927,46
6928,46
6929,46
6930,47
6931,45
6932,65
6933,46
6934,46
6935,46
6936,45
6937,45
6938,64
6939,46
6940,44
6941,45
6942,45
6943,45
6944,63
6945,46
6946,45
6947,44
6948,45
6949,45
6950,64
6951,47
6952,45
6953,46
6954,46
6955,46
6956,64
6957,46
6958,46
6959,46
6960,47
6961,45
6962,66
6963,47
6964,47
6965,47
6966,45
6967,44
6968,62
6969,45
6970,44
6971,43
6972,45
6973,44
6974,65
6975,46
6976,48
6977,47
6978,49
6979,47
6980,61
6981,43
6982,44
6983,44
6984,43
6985,45
6986,61
6987,45
6988,44
6989,43
6990,45
6991,45
6992,60
6993,44
6994,44
6995,43
6996,44
6997,44
6998,60
6999,44
7000,44
7001,43
7002,44
7003,44
7004,61
7005,44
7006,44
7007,44
7008,44
7009,44
7010,61
7011,43
7012,45
7013,44
7014,43
7015,45
7016,61
7017,44
7018,45
7019,45
7020,45
7021,45
7022,62
7023,44
7024,48
7025,45
7026,45
7027,45
7028,61
7029,45
7030,45
7031,45
7032,45
7033,45
7034,61
7035,45
7036,45
7037,45
7038,45
7039,44
7040,60
7041,44
7042,44
7043,45
7044,44
7045,44
7046,61
7047,45
7048,47
7049,46
7050,46
7051,45
7052,62
7053,48
7054,45
7055,44
7056,45
7057,45
7058,61
7059,45
7060,44
7061,47
7062,46
7063,48
7064,60
7065,46
7066,45
7067,44
7068,45
7069,44
7070,63
7071,46
7072,51
7073,48
7074,48
7075,47
7076,66
7077,49
7078,49
7079,49
7080,50
7081,61
7082,75
7083,49
7084,50
7085,49
7086,49
7087,49
7088,65
7089,51
7090,48
7091,47
7092,47
7093,47
7094,64
7095,47
7096,47
7097,47
7098,46
7099,48
7100,64
7101,47
7102,47
7103,48
7104,47
7105,47
7106,62
7107,48
7108,47
7109,47
7110,47
7111,47
7112,63
7113,49
7114,49
7115,51
7116,50
7117,54
7118,68
7119,53
7120,51
7121,48
7122,48
7123,48
7124,62
7125,48
7126,49
7127,47
7128,48
7129,48
7130,62
7131,48
7132,47
7133,47
7134,48
7135,48
7136,63
7137,48
7138,48
7139,47
7140,48
7141,48
7142,63
7143,49
7144,48
7145,58
7146,62
7147,49
7148,62
7149,48
7150,48
7151,50
7152,46
7153,47
7154,62
7155,48
7156,46
7157,47
7158,47
7159,47
7160,61
7161,47
7162,47
7163,47
7164,47
7165,49
7166,60
7167,48
7168,49
7169,47
7170,49
7171,47
7172,58
7173,46
7174,45
7175,45
7176,46
7177,46
7178,58
7179,45
7180,46
7181,45
7182,44
7183,47
7184,60
7185,47
7186,45
7187,47
7188,47
7189,47
7190,58
7191,45
7192,47
7193,45
7194,46
7195,46
7196,59
7197,45
7198,46
7199,46
7200,45
7201,46
7202,61
7203,45
7204,45
7205,45
7206,45
7207,44
7208,58
7209,44
7210,46
7211,45
7212,44
7213,46
7214,57
7215,45
7216,45
7217,45
7218,45
7219,46
7220,58
7221,45
7222,46
7223,46
7224,45
7225,45
7226,57
7227,47
7228,45
7229,45
7230,47
7231,45
7232,57
7233,46
7234,45
7235,47
7236,46
7237,46
7238,58
7239,46
7240,45
7241,46
7242,46
7243,47
7244,57
7245,47
7246,45
7247,45
7248,47
7249,45
7250,57
7251,45
7252,46
7253,45
7254,45
7255,45
7256,59
7257,49
7258,45
7259,46
7260,46
7261,46
7262,61
7263,51
7264,46
7265,46
7266,46
7267,47
7268,60
7269,50
7270,49
7271,46
7272,46
7273,46
7274,62
7275,49
7276,54
7277,59
7278,50
7279,48
7280,59
7281,48
7282,48
7283,48
7284,48
7285,48
7286,59
7287,48
7288,48
7289,48
7290,48
7291,48
7292,59
7293,49
7294,47
7295,49
7296,47
7297,48
7298,60
7299,49
7300,49
7301,48
7302,49
7303,49
7304,58
7305,51
7306,49
7307,49
7308,48
7309,48
7310,60
7311,49
7312,50
7313,47
7314,48
7315,48
7316,59
7317,49
7318,48
7319,47
7320,49
7321,48
7322,59
7323,49
7324,48
7325,48
7326,47
7327,49
7328,60
7329,49
7330,48
7331,49
7332,49
7333,48
7334,60
7335,50
7336,49
7337,50
7338,49
7339,49
7340,58
7341,49
7342,48
7343,49
7344,49
7345,50
7346,60
7347,49
7348,48
7349,49
7350,49
7351,49
7352,60
7353,49
7354,49
7355,50
7356,50
7357,51
7358,59
7359,49
7360,51
7361,49
7362,51
7363,50
7364,60
7365,50
7366,51
7367,50
7368,50
7369,50
7370,59
7371,51
7372,50
7373,62
7374,50
7375,48
7376,57
7377,48
7378,46
7379,48
7380,46
7381,47
7382,55
7383,47
7384,47
7385,47
7386,46
7387,50
7388,60
7389,52
7390,46
7391,48
7392,49
7393,48
7394,57
7395,48
7396,49
7397,55
7398,48
7399,48
7400,56
7401,47
7402,47
7403,46
7404,50
7405,48
7406,57
7407,48
7408,48
7409,48
7410,48
7411,48
7412,57
7413,47
7414,47
7415,46
7416,47
7417,47
7418,55
7419,47
7420,46
7421,47
7422,47
7423,47
7424,54
7425,47
7426,46
7427,47
7428,46
7429,47
7430,56
7431,47
7432,47
7433,46
7434,47
7435,47
7436,55
7437,46
7438,47
7439,47
7440,45
7441,47
7442,55
7443,49
7444,48
7445,48
7446,48
7447,47
7448,55
7449,48
7450,47
7451,47
7452,48
7453,47
7454,55
7455,47
7456,47
7457,46
7458,47
7459,47
7460,53
7461,48
7462,47
7463,48
7464,47
7465,48
7466,53
7467,47
7468,46
7469,47
7470,48
7471,46
7472,55
7473,45
7474,47
7475,47
7476,46
7477,48
7478,57
7479,49
7480,49
7481,62
7482,53
7483,50
7484,56
7485,49
7486,50
7487,66
7488,69
7489,56
7490,58
7491,52
7492,49
7493,50
7494,49
7495,50
7496,56
7497,50
7498,49
7499,51
7500,49
7501,50
7502,56
7503,49
7504,51
7505,49
7506,49
7507,50
7508,56
7509,49
7510,49
7511,49
7512,50
7513,49
7514,56
7515,49
7516,49
7517,49
7518,49
7519,50
7520,55
7521,49
7522,49
7523,51
7524,49
7525,50
7526,56
7527,49
7528,50
7529,50
7530,49
7531,50
7532,57
7533,49
7534,51
7535,49
7536,51
7537,50
7538,56
7539,50
7540,50
7541,49
7542,51
7543,50
7544,56
7545,51
7546,52
7547,51
7548,51
7549,53
7550,58
7551,52
7552,52
7553,52
7554,52
7555,52
7556,57
7557,50
7558,49
7559,51
7560,51
7561,50
7562,60
7563,52
7564,54
7565,55
7566,51
7567,52
7568,56
7569,51
7570,51
7571,50
7572,52
7573,51
7574,58
7575,50
7576,48
7577,48
7578,48
7579,47
7580,52
7581,48
7582,47
7583,52
7584,54
7585,52
7586,53
7587,47
7588,48
7589,47
7590,48
7591,48
7592,51
7593,48
7594,46
7595,48
7596,47
7597,48
7598,53
7599,48
7600,47
7601,47
7602,48
7603,47
7604,53
7605,47
7606,48
7607,48
7608,48
7609,48
7610,52
7611,48
7612,48
7613,48
7614,47
7615,49
7616,53
7617,49
7618,48
7619,50
7620,48
7621,49
7622,51
7623,49
7624,49
7625,48
7626,48
7627,49
7628,52
7629,48
7630,49
7631,48
7632,49
7633,47
7634,53
7635,48
7636,49
7637,48
7638,49
7639,49
7640,51
7641,47
7642,48
7643,50
7644,49
7645,49
7646,52
7647,48
7648,50
7649,49
7650,48
7651,50
7652,51
7653,49
7654,48
7655,48
7656,48
7657,49
7658,52
7659,49
7660,48
7661,49
7662,49
7663,48
7664,51
7665,48
7666,49
7667,48
7668,48
7669,48
7670,51
7671,47
7672,49
7673,47
7674,48
7675,49
7676,50
7677,48
7678,52
7679,51
7680,52
7681,51
7682,55
7683,51
7684,52
7685,51
7686,51
7687,50
7688,53
7689,50
7690,57
7691,57
7692,50
7693,50
7694,53
7695,49
7696,51
7697,50
7698,51
7699,51
7700,54
7701,51
7702,51
7703,52
7704,52
7705,51
7706,53
7707,51
7708,51
7709,51
7710,53
7711,52
7712,54
7713,51
7714,51
7715,50
7716,50
7717,51
7718,52
7719,51
7720,51
7721,51
7722,51
7723,51
7724,53
7725,51
7726,51
7727,51
7728,51
7729,52
7730,52
7731,51
7732,51
7733,52
7734,51
7735,51
7736,53
7737,50
7738,51
7739,51
7740,52
7741,52
7742,53
7743,51
7744,52
7745,51
7746,52
7747,52
7748,52
7749,50
7750,52
7751,51
7752,52
7753,52
7754,54
7755,51
7756,50
7757,52
7758,50
7759,51
7760,51
7761,51
7762,50
7763,53
7764,53
7765,52
7766,54
7767,52
7768,52
7769,51
7770,53
7771,80
7772,52
7773,51
7774,52
7775,52
7776,48
7777,57
7778,49
7779,49
7780,48
7781,49
7782,75
7783,49
7784,48
7785,48
7786,49
7787,71
7788,49
7789,49
7790,48
7791,48
7792,60
7793,49
7794,50
7795,54
7796,55
7797,64
7798,49
7799,50
7800,50
7801,50
7802,66
7803,51
7804,51
7805,51
7806,49
7807,65
7808,48
7809,49
7810,49
7811,49
7812,66
7813,50
7814,50
7815,48
7816,51
7817,67
7818,49
7819,51
7820,49
7821,51
7822,66
7823,48
7824,49
7825,49
7826,49
7827,66
7828,49
7829,49
7830,49
7831,49
7832,66
7833,49
7834,49
7835,49
7836,48
7837,67
7838,49
7839,49
7840,50
7841,50
7842,67
7843,52
7844,50
7845,50
7846,51
7847,67
7848,50
7849,50
7850,49
7851,49
7852,66
7853,50
7854,48
7855,49
7856,48
7857,66
7858,50
7859,52
7860,50
7861,49
7862,75
7863,57
7864,49
7865,50
7866,49
7867,66
7868,50
7869,50
7870,64
7871,52
7872,72
7873,56
7874,55
7875,55
7876,56
7877,70
7878,53
7879,54
7880,53
7881,54
7882,73
7883,56
7884,57
7885,55
7886,52
7887,70
7888,52
7889,52
7890,51
7891,52
7892,69
7893,51
7894,51
7895,51
7896,51
7897,70
7898,53
7899,51
7900,51
7901,51
7902,70
7903,52
7904,52
7905,52
7906,52
7907,70
7908,53
7909,53
7910,53
7911,53
7912,69
7913,53
7914,51
7915,52
7916,52
7917,69
7918,52
7919,52
7920,52
7921,51
7922,70
7923,51
7924,52
7925,51
7926,51
7927,70
7928,51
7929,53
7930,51
7931,52
7932,70
7933,53
7934,53
7935,53
7936,53
7937,71
7938,53
7939,51
7940,51
7941,52
7942,71
7943,53
7944,52
7945,52
7946,52
7947,70
7948,52
7949,52
7950,53
7951,52
7952,69
7953,52
7954,55
7955,58
7956,57
7957,70
7958,53
7959,52
7960,50
7961,50
7962,66
7963,50
7964,50
7965,49
7966,50
7967,67
7968,49
7969,50
7970,50
7971,50
7972,67
7973,50
7974,49
7975,49
7976,50
7977,66
7978,50
7979,50
7980,50
7981,50
7982,67
7983,50
7984,49
7985,50
7986,50
7987,67
7988,50
7989,49
7990,49
7991,50
7992,66
7993,50
7994,49
7995,50
7996,50
7997,67
7998,49
7999,51
8000,50
8001,51
8002,66
8003,50
8004,50
8005,48
8006,50
8007,66
8008,49
8009,49
8010,49
8011,49
8012,66
8013,49
8014,49
8015,50
8016,50
8017,66
8018,49
8019,50
8020,49
8021,50
8022,66
8023,49
8024,50
8025,50
8026,49
8027,69
8028,51
8029,50
8030,51
8031,50
8032,68
8033,49
8034,51
8035,50
8036,50
8037,68
8038,52
8039,51
8040,49
8041,51
8042,68
8043,51
8044,51
8045,50
8046,51
8047,69
8048,51
8049,51
8050,51
8051,50
8052,66
8053,51
8054,51
8055,60
8056,58
8057,74
8058,55
8059,53
8060,54
8061,54
8062,71
8063,53
8064,52
8065,52
8066,53
8067,71
8068,53
8069,53
8070,52
8071,52
8072,71
8073,53
8074,54
8075,53
8076,53
8077,73
8078,56
8079,57
8080,54
8081,57
8082,73
8083,55
8084,58
8085,55
8086,59
8087,72
8088,56
8089,56
8090,56
8091,55
8092,71
8093,55
8094,54
8095,53
8096,53
8097,70
8098,54
8099,53
8100,54
8101,52
8102,71
8103,55
8104,53
8105,53
8106,53
8107,70
8108,53
8109,53
8110,53
8111,57
8112,72
8113,55
8114,54
8115,55
8116,54
8117,73
8118,57
8119,57
8120,55
8121,54
8122,73
8123,55
8124,55
8125,53
8126,53
8127,71
8128,54
8129,53
8130,53
8131,53
8132,70
8133,54
8134,54
8135,57
8136,54
8137,72
8138,55
8139,59
8140,58
8141,58
8142,73
8143,51
8144,51
8145,50
8146,49
8147,67
8148,51
8149,50
8150,52
8151,51
8152,67
8153,51
8154,51
8155,51
8156,50
8157,69
8158,52
8159,53
8160,60
8161,53
8162,68
8163,52
8164,50
8165,52
8166,50
8167,67
8168,52
8169,50
8170,51
8171,50
8172,65
8173,50
8174,50
8175,50
8176,51
8177,66
8178,51
8179,50
8180,51
8181,50
8182,67
8183,51
8184,51
8185,50
8186,51
8187,66
8188,51
8189,50
8190,51
8191,51
8192,66
8193,50
8194,51
8195,50
8196,51
8197,67
8198,51
8199,50
8200,50
8201,51
8202,67
8203,50
8204,51
8205,50
8206,52
8207,66
8208,51
8209,51
8210,51
8211,51
8212,66
8213,50
8214,51
8215,53
8216,52
8217,67
8218,52
8219,60
8220,60
8221,51
8222,67
8223,51
8224,52
8225,52
8226,55
8227,68
8228,52
8229,50
8230,53
8231,51
8232,69
8233,57
8234,54
8235,54
8236,56
8237,70
8238,59
8239,55
8240,55
8241,54
8242,71
8243,54
8244,54
8245,55
8246,56
8247,71
8248,55
8249,54
8250,56
8251,57
8252,73
8253,56
8254,56
8255,56
8256,56
8257,73
8258,54
8259,54
8260,56
8261,55
8262,71
8263,55
8264,56
8265,53
8266,54
8267,69
8268,54
8269,53
8270,53
8271,53
8272,70
8273,55
8274,53
8275,53
8276,54
8277,69
8278,55
8279,54
8280,54
8281,55
8282,73
8283,58
8284,57
8285,60
8286,58
8287,70
8288,54
8289,54
8290,54
8291,53
8292,70
8293,54
8294,53
8295,54
8296,54
8297,69
8298,54
8299,53
8300,54
8301,53
8302,70
8303,55
8304,53
8305,53
8306,54
8307,70
8308,55
8309,54
8310,53
8311,54
8312,70
8313,54
8314,53
8315,53
8316,54
8317,74
8318,59
8319,55
8320,58
8321,54
8322,70
8323,55
8324,57
8325,53
8326,53
8327,68
8328,53
8329,52
8330,54
8331,52
8332,67
8333,52
8334,53
8335,52
8336,53
8337,69
8338,53
8339,53
8340,51
8341,53
8342,67
8343,53
8344,51
8345,52
8346,51
8347,68
8348,53
8349,52
8350,52
8351,53
8352,68
8353,51
8354,53
8355,52
8356,52
8357,68
8358,53
8359,51
8360,52
8361,52
8362,67
8363,51
8364,52
8365,51
8366,51
8367,66
8368,50
8369,52
8370,51
8371,52
8372,67
8373,50
8374,52
8375,50
8376,53
8377,66
8378,51
8379,53
8380,51
8381,52
8382,66
8383,52
8384,51
8385,52
8386,51
8387,66
8388,52
8389,52
8390,53
8391,52
8392,67
8393,52
8394,52
8395,52
8396,52
8397,67
8398,51
8399,53
8400,51
8401,52
8402,67
8403,52
8404,51
8405,52
8406,62
8407,70
8408,52
8409,57
8410,52
8411,54
8412,70
8413,55
8414,56
8415,55
8416,55
8417,71
8418,56
8419,56
8420,55
8421,56
8422,71
8423,55
8424,57
8425,55
8426,55
8427,71
8428,57
8429,55
8430,55
8431,56
8432,72
8433,56
8434,56
8435,55
8436,56
8437,70
8438,54
8439,56
8440,55
8441,56
8442,72
8443,55
8444,56
8445,57
8446,56
8447,71
8448,57
8449,54
8450,55
8451,55
8452,72
8453,55
8454,57
8455,55
8456,56
8457,73
8458,56
8459,56
8460,57
8461,57
8462,78
8463,63
8464,55
8465,57
8466,55
8467,71
8468,55
8469,56
8470,56
8471,66
8472,72
8473,56
8474,55
8475,57
8476,56
8477,71
8478,56
8479,57
8480,55
8481,57
8482,71
8483,56
8484,57
8485,56
8486,57
8487,71
8488,58
8489,56
8490,58
8491,58
8492,76
8493,57
8494,59
8495,57
8496,57
8497,70
8498,52
8499,53
8500,52
8501,53
8502,68
8503,53
8504,53
8505,54
8506,55
8507,67
8508,53
8509,53
8510,52
8511,53
8512,67
8513,54
8514,55
8515,56
8516,53
8517,68
8518,53
8519,52
8520,53
8521,54
8522,67
8523,53
8524,54
8525,53
8526,54
8527,67
8528,54
8529,52
8530,53
8531,53
8532,66
8533,52
8534,53
8535,52
8536,54
8537,67
8538,52
8539,52
8540,53
8541,52
8542,66
8543,53
8544,52
8545,54
8546,53
8547,66
8548,52
8549,53
8550,52
8551,53
8552,66
8553,53
8554,54
8555,52
8556,52
8557,67
8558,52
8559,51
8560,52
8561,51
8562,67
8563,53
8564,54
8565,53
8566,53
8567,66
8568,52
8569,53
8570,52
8571,53
8572,66
8573,70
8574,58
8575,52
8576,54
8577,68
8578,54
8579,53
8580,55
8581,55
8582,68
8583,53
8584,55
8585,53
8586,59
8587,69
8588,56
8589,55
8590,55
8591,56
8592,69
8593,55
8594,55
8595,56
8596,55
8597,70
8598,56
8599,55
8600,55
8601,58
8602,72
8603,57
8604,59
8605,56
8606,58
8607,71
8608,58
8609,56
8610,55
8611,57
8612,70
8613,56
8614,57
8615,55
8616,56
8617,70
8618,57
8619,56
8620,57
8621,56
8622,69
8623,56
8624,56
8625,55
8626,56
8627,70
8628,55
8629,56
8630,56
8631,56
8632,69
8633,58
8634,56
8635,57
8636,56
8637,69
8638,58
8639,58
8640,59
8641,57
8642,70
8643,61
8644,57
8645,58
8646,57
8647,71
8648,57
8649,57
8650,57
8651,57
8652,69
8653,58
8654,57
8655,57
8656,56
8657,71
8658,57
8659,58
8660,58
8661,57
8662,70
8663,57
8664,56
8665,57
8666,56
8667,70
8668,57
8669,56
8670,56
8671,56
8672,67
8673,56
8674,54
8675,54
8676,57
8677,66
8678,53
8679,54
8680,55
8681,55
8682,65
8683,53
8684,54
8685,53
8686,54
8687,67
8688,54
8689,53
8690,54
8691,53
8692,72
8693,57
8694,58
8695,54
8696,53
8697,66
8698,53
8699,53
8700,55
8701,55
8702,66
8703,54
8704,55
8705,54
8706,54
8707,65
8708,53
8709,52
8710,54
8711,54
8712,66
8713,54
8714,56
8715,54
8716,55
8717,67
8718,58
8719,56
8720,54
8721,54
8722,66
8723,54
8724,55
8725,54
8726,54
8727,66
8728,55
8729,54
8730,54
8731,54
8732,64
8733,54
8734,53
8735,54
8736,54
8737,64
8738,53
8739,54
8740,53
8741,53
8742,70
8743,60
8744,60
8745,59
8746,57
8747,65
8748,54
8749,54
8750,54
8751,54
8752,65
8753,53
8754,53
8755,54
8756,55
8757,64
8758,54
8759,54
8760,55
8761,57
8762,68
8763,57
8764,58
8765,56
8766,58
8767,68
8768,74
8769,61
8770,57
8771,58
8772,74
8773,63
8774,60
8775,58
8776,60
8777,70
8778,59
8779,57
8780,57
8781,58
8782,68
8783,57
8784,58
8785,57
8786,58
8787,69
8788,56
8789,57
8790,56
8791,57
8792,67
8793,57
8794,57
8795,59
8796,57
8797,69
8798,57
8799,56
8800,60
8801,58
8802,68
8803,58
8804,56
8805,58
8806,57
8807,68
8808,58
8809,58
8810,60
8811,59
8812,71
8813,60
8814,58
8815,56
8816,57
8817,66
8818,58
8819,58
8820,58
8821,59
8822,68
8823,58
8824,56
8825,58
8826,56
8827,67
8828,57
8829,57
8830,57
8831,57
8832,69
8833,60
8834,60
8835,59
8836,59
8837,68
8838,57
8839,57
8840,57
8841,57
8842,66
8843,57
8844,57
8845,54
8846,56
8847,65
8848,54
8849,55
8850,55
8851,56
8852,62
8853,55
8854,54
8855,54
8856,55
8857,64
8858,54
8859,54
8860,55
8861,55
8862,62
8863,55
8864,54
8865,54
8866,55
8867,64
8868,53
8869,55
8870,55
8871,54
8872,63
8873,55
8874,55
8875,55
8876,56
8877,63
8878,53
8879,56
8880,55
8881,55
8882,64
8883,55
8884,55
8885,55
8886,57
8887,67
8888,57
8889,56
8890,58
8891,58
8892,65
8893,56
8894,57
8895,58
8896,57
8897,63
8898,55
8899,54
8900,56
8901,55
8902,65
8903,56
8904,56
8905,56
8906,57
8907,64
8908,55
8909,55
8910,56
8911,55
8912,67
8913,61
8914,59
8915,56
8916,55
8917,63
8918,54
8919,56
8920,54
8921,55
8922,64
8923,55
8924,57
8925,55
8926,56
8927,82
8928,64
8929,58
8930,55
8931,59
8932,68
8933,59
8934,60
8935,59
8936,60
8937,68
8938,61
8939,59
8940,60
8941,59
8942,68
8943,61
8944,63
8945,62
8946,60
8947,67
8948,60
8949,58
8950,59
8951,58
8952,67
8953,59
8954,58
8955,59
8956,58
8957,65
8958,59
8959,57
8960,59
8961,57
8962,66
8963,58
8964,58
8965,58
8966,59
8967,65
8968,58
8969,58
8970,58
8971,58
8972,67
8973,59
8974,58
8975,58
8976,58
8977,68
8978,60
8979,60
8980,61
8981,62
8982,65
8983,57
8984,57
8985,57
8986,58
8987,65
8988,64
8989,64
8990,64
8991,63
8992,68
8993,58
8994,58
8995,58
8996,59
8997,68
8998,65
8999,60
9000,60
9001,59
9002,65
9003,60
9004,58
9005,59
9006,60
9007,65
9008,60
9009,61
9010,62
9011,59
9012,69
9013,62
9014,62
9015,58
9016,57
9017,62
9018,55
9019,56
9020,56
9021,56
9022,61
9023,56
9024,56
9025,55
9026,59
9027,62
9028,55
9029,55
9030,57
9031,56
9032,62
9033,56
9034,56
9035,56
9036,56
9037,62
9038,55
9039,56
9040,56
9041,55
9042,61
9043,55
9044,56
9045,55
9046,55
9047,62
9048,56
9049,56
9050,56
9051,56
9052,61
9053,55
9054,56
9055,56
9056,55
9057,63
9058,55
9059,58
9060,57
9061,57
9062,60
9063,55
9064,56
9065,56
9066,55
9067,62
9068,56
9069,57
9070,57
9071,56
9072,61
9073,55
9074,57
9075,57
9076,56
9077,62
9078,56
9079,57
9080,55
9081,56
9082,61
9083,56
9084,56
9085,55
9086,56
9087,61
9088,55
9089,56
9090,55
9091,56
9092,64
9093,64
9094,58
9095,63
9096,63
9097,66
9098,60
9099,60
9100,61
9101,63
9102,73
9103,59
9104,58
9105,59
9106,59
9107,65
9108,59
9109,58
9110,60
9111,60
9112,65
9113,62
9114,59
9115,60
9116,60
9117,65
9118,59
9119,60
9120,58
9121,61
9122,64
9123,59
9124,60
9125,59
9126,61
9127,67
9128,60
9129,60
9130,60
9131,60
9132,66
9133,60
9134,61
9135,59
9136,61
9137,65
9138,60
9139,61
9140,60
9141,60
9142,64
9143,60
9144,60
9145,60
9146,61
9147,64
9148,60
9149,60
9150,60
9151,60
9152,64
9153,61
9154,64
9155,64
9156,62
9157,64
9158,59
9159,59
9160,59
9161,61
9162,64
9163,72
9164,61
9165,58
9166,63
9167,64
9168,61
9169,60
9170,62
9171,59
9172,63
9173,60
9174,61
9175,60
9176,61
9177,63
9178,59
9179,59
9180,60
9181,62
9182,65
9183,61
9184,60
9185,58
9186,57
9187,60
9188,56
9189,57
9190,57
9191,56
9192,60
9193,57
9194,60
9195,63
9196,58
9197,61
9198,59
9199,58
9200,59
9201,58
9202,61
9203,57
9204,55
9205,58
9206,57
9207,60
9208,56
9209,58
9210,57
9211,57
9212,60
9213,57
9214,57
9215,56
9216,59
9217,60
9218,56
9219,56
9220,58
9221,57
9222,58
9223,57
9224,57
9225,57
9226,57
9227,60
9228,57
9229,57
9230,56
9231,58
9232,60
9233,56
9234,56
9235,57
9236,57
9237,58
9238,58
9239,57
9240,56
9241,58
9242,59
9243,59
9244,58
9245,58
9246,59
9247,58
9248,56
9249,57
9250,57
9251,56
9252,58
9253,60
9254,57
9255,57
9256,57
9257,61
9258,59
9259,60
9260,59
9261,60
9262,61
9263,59
9264,58
9265,59
9266,66
9267,68
9268,59
9269,57
9270,60
9271,64
9272,62
9273,61
9274,74
9275,77
9276,68
9277,65
9278,64
9279,65
9280,63
9281,64
9282,65
9283,63
9284,69
9285,64
9286,64
9287,65
9288,63
9289,63
9290,63
9291,64
9292,65
9293,63
9294,65
9295,63
9296,63
9297,61
9298,60
9299,59
9300,60
9301,59
9302,61
9303,60
9304,59
9305,60
9306,59
9307,64
9308,63
9309,63
9310,61
9311,63
9312,64
9313,62
9314,62
9315,63
9316,64
9317,64
9318,63
9319,62
9320,64
9321,95
9322,59
9323,59
9324,60
9325,89
9326,61
9327,62
9328,63
9329,64
9330,59
9331,60
9332,60
9333,63
9334,60
9335,60
9336,60
9337,72
9338,61
9339,59
9340,60
9341,73
9342,60
9343,62
9344,61
9345,73
9346,59
9347,60
9348,59
9349,72
9350,62
9351,59
9352,58
9353,70
9354,58
9355,57
9356,58
9357,72
9358,57
9359,58
9360,57
9361,71
9362,57
9363,57
9364,60
9365,72
9366,58
9367,56
9368,57
9369,73
9370,59
9371,59
9372,58
9373,71
9374,57
9375,58
9376,59
9377,71
9378,59
9379,58
9380,57
9381,73
9382,58
9383,60
9384,60
9385,72
9386,58
9387,59
9388,58
9389,75
9390,60
9391,59
9392,61
9393,72
9394,60
9395,59
9396,58
9397,71
9398,57
9399,57
9400,57
9401,71
9402,57
9403,57
9404,58
9405,81
9406,62
9407,57
9408,57
9409,72
9410,57
9411,57
9412,57
9413,72
9414,59
9415,58
9416,58
9417,74
9418,59
9419,58
9420,59
9421,73
9422,61
9423,58
9424,63
9425,71
9426,58
9427,58
9428,65
9429,76
9430,58
9431,60
9432,62
9433,77
9434,63
9435,65
9436,65
9437,78
9438,63
9439,62
9440,62
9441,75
9442,63
9443,71
9444,62
9445,77
9446,60
9447,60
9448,61
9449,74
9450,60
9451,60
9452,62
9453,75
9454,63
9455,62
9456,61
9457,76
9458,62
9459,61
9460,63
9461,78
9462,64
9463,64
9464,64
9465,76
9466,64
9467,65
9468,63
9469,76
9470,62
9471,63
9472,63
9473,75
9474,63
9475,63
9476,64
9477,78
9478,61
9479,60
9480,60
9481,76
9482,60
9483,61
9484,61
9485,79
9486,62
9487,62
9488,61
9489,76
9490,63
9491,65
9492,64
9493,81
9494,66
9495,66
9496,65
9497,78
9498,63
9499,61
9500,62
9501,78
9502,61
9503,62
9504,61
9505,81
9506,67
9507,62
9508,62
9509,72
9510,58
9511,58
9512,59
9513,73
9514,61
9515,59
9516,58
9517,72
9518,58
9519,58
9520,59
9521,73
9522,60
9523,58
9524,59
9525,73
9526,58
9527,58
9528,58
9529,72
9530,58
9531,58
9532,59
9533,76
9534,61
9535,58
9536,75
9537,79
9538,58
9539,60
9540,59
9541,74
9542,58
9543,59
9544,59
9545,73
9546,58
9547,59
9548,59
9549,73
9550,58
9551,60
9552,59
9553,71
9554,59
9555,59
9556,58
9557,71
9558,63
9559,63
9560,62
9561,76
9562,59
9563,58
9564,59
9565,72
9566,58
9567,59
9568,59
9569,73
9570,60
9571,59
9572,59
9573,73
9574,59
9575,59
9576,60
9577,72
9578,58
9579,58
9580,60
9581,72
9582,58
9583,60
9584,61
9585,85
9586,59
9587,69
9588,61
9589,78
9590,63
9591,62
9592,62
9593,76
9594,61
9595,61
9596,62
9597,76
9598,63
9599,63
9600,64
9601,78
9602,63
9603,65
9604,66
9605,81
9606,62
9607,62
9608,62
9609,77
9610,62
9611,61
9612,65
9613,76
9614,68
9615,63
9616,63
9617,79
9618,64
9619,66
9620,66
9621,81
9622,64
9623,62
9624,62
9625,76
9626,64
9627,62
9628,63
9629,76
9630,63
9631,62
9632,62
9633,76
9634,63
9635,67
9636,63
9637,77
9638,64
9639,64
9640,63
9641,76
9642,63
9643,62
9644,61
9645,75
9646,62
9647,62
9648,61
9649,81
9650,66
9651,65
9652,66
9653,78
9654,67
9655,74
9656,70
9657,79
9658,81
9659,69
9660,64
9661,77
9662,63
9663,59
9664,58
9665,72
9666,59
9667,59
9668,58
9669,72
9670,58
9671,59
9672,58
9673,72
9674,59
9675,59
9676,59
9677,72
9678,59
9679,58
9680,60
9681,74
9682,63
9683,61
9684,60
9685,74
9686,59
9687,61
9688,60
9689,73
9690,59
9691,60
9692,60
9693,72
9694,60
9695,58
9696,59
9697,73
9698,59
9699,59
9700,59
9701,74
9702,61
9703,60
9704,60
9705,73
9706,60
9707,61
9708,62
9709,73
9710,60
9711,60
9712,61
9713,73
9714,61
9715,59
9716,59
9717,72
9718,59
9719,59
9720,60
9721,72
9722,59
9723,59
9724,59
9725,73
9726,59
9727,59
9728,60
9729,71
9730,60
9731,59
9732,60
9733,73
9734,59
9735,59
9736,59
9737,72
9738,60
9739,60
9740,59
9741,73
9742,59
9743,75
9744,63
9745,78
9746,64
9747,63
9748,63
9749,81
9750,66
9751,71
9752,64
9753,76
9754,64
9755,66
9756,65
9757,78
9758,64
9759,65
9760,63
9761,79
9762,64
9763,65
9764,63
9765,76
9766,64
9767,64
9768,63
9769,82
9770,64
9771,63
9772,64
9773,79
9774,65
9775,68
9776,67
9777,82
9778,67
9779,67
9780,66
9781,79
9782,66
9783,62
9784,64
9785,75
9786,64
9787,63
9788,63
9789,76
9790,66
9791,64
9792,63
9793,77
9794,64
9795,64
9796,64
9797,76
9798,65
9799,66
9800,64
9801,77
9802,65
9803,63
9804,62
9805,76
9806,64
9807,63
9808,64
9809,77
9810,65
9811,64
9812,63
9813,77
9814,63
9815,64
9816,63
9817,76
9818,59
9819,60
9820,60
9821,73
9822,59
9823,60
9824,61
9825,72
9826,61
9827,60
9828,59
9829,72
9830,59
9831,59
9832,60
9833,73
9834,60
9835,60
9836,59
9837,71
9838,59
9839,59
9840,59
9841,85
9842,63
9843,62
9844,64
9845,76
9846,63
9847,61
9848,62
9849,77
9850,64
9851,63
9852,64
9853,74
9854,60
9855,61
9856,60
9857,72
9858,60
9859,61
9860,60
9861,72
9862,59
9863,60
9864,60
9865,71
9866,59
9867,59
9868,60
9869,71
9870,59
9871,60
9872,59
9873,71
9874,60
9875,60
9876,59
9877,71
9878,59
9879,60
9880,60
9881,71
9882,58
9883,60
9884,58
9885,72
9886,59
9887,59
9888,59
9889,72
9890,59
9891,61
9892,61
9893,73
9894,62
9895,62
9896,63
9897,74
9898,67
9899,76
9900,73
9901,79
9902,66
9903,66
9904,65
9905,80
9906,66
9907,69
9908,74
9909,76
9910,64
9911,65
9912,67
9913,75
9914,65
9915,64
9916,64
9917,78
9918,65
9919,64
9920,65
9921,77
9922,66
9923,65
9924,66
9925,77
9926,65
9927,65
9928,64
9929,76
9930,64
9931,63
9932,65
9933,76
9934,63
9935,64
9936,65
9937,76
9938,66
9939,65
9940,64
9941,78
9942,65
9943,65
9944,73
9945,77
9946,67
9947,70
9948,67
9949,78
9950,65
9951,84
9952,70
9953,90
9954,67
9955,65
9956,65
9957,76
9958,65
9959,69
9960,68
9961,79
9962,64
9963,63
9964,64
9965,77
9966,63
9967,65
9968,63
9969,80
9970,68
9971,63
9972,63
9973,72
9974,61
9975,65
9976,65
9977,72
9978,61
9979,60
9980,60
9981,73
9982,63
9983,61
9984,61
9985,75
9986,62
9987,62
9988,65
9989,75
9990,62
9991,62
9992,62
9993,74
9994,64
9995,64
9996,64
9997,76
9998,63
9999,64
10000,64
10001,75
10002,62
10003,62
10004,61
10005,75
10006,64
10007,64
10008,64
10009,72
10010,63
10011,61
10012,62
10013,77
10014,67
10015,66
10016,65
10017,74
10018,64
10019,64
10020,65
10021,73
10022,62
10023,61
10024,61
10025,72
10026,61
10027,61
10028,61
10029,73
10030,61
10031,61
10032,62
10033,72
10034,63
10035,62
10036,62
10037,72
10038,62
10039,62
10040,66
10041,76
10042,66
10043,66
10044,67
10045,75
10046,71
10047,81
10048,70
10049,77
10050,65
10051,65
10052,65
10053,80
10054,71
10055,69
10056,68
10057,78
10058,66
10059,65
10060,66
10061,77
10062,66
10063,66
10064,65
10065,77
10066,64
10067,65
10068,65
10069,77
10070,65
10071,65
10072,66
10073,79
10074,66
10075,66
10076,66
10077,76
10078,64
10079,65
10080,64
10081,77
10082,64
10083,64
10084,64
10085,76
10086,66
10087,64
10088,66
10089,85
10090,67
10091,65
10092,64
10093,82
10094,73
10095,70
10096,72
10097,81
10098,66
10099,65
10100,65
10101,78
10102,67
10103,66
10104,67
10105,76
10106,68
10107,65
10108,66
10109,78
10110,65
10111,65
10112,65
10113,77
10114,66
10115,66
10116,66
10117,77
10118,65
10119,65
10120,61
10121,72
10122,61
10123,63
10124,62
10125,81
10126,69
10127,61
10128,62
10129,73
10130,62
10131,63
10132,62
10133,77
10134,63
10135,63
10136,64
10137,73
10138,63
10139,62
10140,63
10141,73
10142,63
10143,62
10144,61
10145,77
10146,66
10147,66
10148,66
10149,72
10150,62
10151,62
10152,61
10153,76
10154,67
10155,63
10156,64
10157,73
10158,63
10159,62
10160,62
10161,72
10162,63
10163,62
10164,61
10165,71
10166,62
10167,61
10168,63
10169,73
10170,65
10171,65
10172,66
10173,76
10174,65
10175,65
10176,66
10177,73
10178,64
10179,61
10180,63
10181,72
10182,63
10183,63
10184,63
10185,73
10186,63
10187,63
10188,63
10189,72
10190,63
10191,62
10192,64
10193,73
10194,64
10195,62
10196,68
10197,76
10198,67
10199,67
10200,67
10201,76
10202,68
10203,68
10204,66
10205,77
10206,67
10207,67
10208,67
10209,76
10210,68
10211,71
10212,71
10213,81
10214,68
10215,68
10216,67
10217,78
10218,67
10219,67
10220,67
10221,78
10222,67
10223,68
10224,67
10225,77
10226,65
10227,65
10228,64
10229,77
10230,66
10231,65
10232,66
10233,75
10234,66
10235,67
10236,65
10237,77
10238,67
10239,66
10240,67
10241,76
10242,66
10243,66
10244,65
10245,79
10246,67
10247,68
10248,66
10249,80
10250,66
10251,67
10252,69
10253,78
10254,66
10255,67
10256,68
10257,77
10258,68
10259,67
10260,66
10261,78
10262,66
10263,66
10264,66
10265,76
10266,67
10267,72
10268,85
10269,75
10270,63
10271,63
10272,63
10273,71
10274,74
10275,66
10276,62
10277,74
10278,64
10279,63
10280,64
10281,72
10282,62
10283,63
10284,63
10285,72
10286,64
10287,63
10288,63
10289,71
10290,63
10291,65
10292,68
10293,73
10294,68
10295,67
10296,68
10297,71
10298,64
10299,63
10300,63
10301,71
10302,64
10303,63
10304,63
10305,72
10306,63
10307,67
10308,65
10309,74
10310,64
10311,64
10312,65
10313,73
10314,65
10315,65
10316,64
10317,73
10318,64
10319,65
10320,64
10321,71
10322,64
10323,63
10324,63
10325,72
10326,63
10327,63
10328,62
10329,75
10330,69
10331,68
10332,68
10333,72
10334,64
10335,65
10336,65
10337,74
10338,64
10339,66
10340,64
10341,74
10342,64
10343,65
10344,67
10345,79
10346,70
10347,71
10348,70
10349,78
10350,67
10351,67
10352,67
10353,81
10354,76
10355,70
10356,69
10357,77
10358,66
10359,66
10360,68
10361,76
10362,67
10363,66
10364,72
10365,82
10366,68
10367,67
10368,67
10369,76
10370,66
10371,71
10372,69
10373,75
10374,66
10375,65
10376,66
10377,74
10378,67
10379,65
10380,65
10381,78
10382,69
10383,68
10384,68
10385,77
10386,67
10387,67
10388,68
10389,75
10390,67
10391,68
10392,68
10393,77
10394,68
10395,68
10396,67
10397,80
10398,66
10399,65
10400,65
10401,74
10402,66
10403,66
10404,67
10405,76
10406,66
10407,66
10408,67
10409,74
10410,66
10411,65
10412,66
10413,76
10414,67
10415,66
10416,68
10417,70
10418,62
10419,63
10420,63
10421,72
10422,64
10423,64
10424,64
10425,69
10426,63
10427,62
10428,64
10429,71
10430,63
10431,62
10432,63
10433,70
10434,63
10435,62
10436,64
10437,89
10438,68
10439,64
10440,64
10441,71
10442,63
10443,63
10444,64
10445,72
10446,63
10447,66
10448,78
10449,76
10450,64
10451,64
10452,66
10453,74
10454,67
10455,63
10456,64
10457,70
10458,64
10459,64
10460,64
10461,71
10462,64
10463,64
10464,64
10465,71
10466,63
10467,64
10468,63
10469,73
10470,64
10471,62
10472,64
10473,70
10474,64
10475,65
10476,63
10477,71
10478,64
10479,62
10480,64
10481,71
10482,64
10483,63
10484,64
10485,71
10486,64
10487,64
10488,65
10489,75
10490,65
10491,64
10492,71
10493,77
10494,71
10495,68
10496,69
10497,80
10498,72
10499,72
10500,73
10501,80
10502,73
10503,69
10504,69
10505,78
10506,69
10507,69
10508,69
10509,76
10510,69
10511,68
10512,68
10513,76
10514,67
10515,67
10516,67
10517,74
10518,67
10519,69
10520,72
10521,75
10522,68
10523,68
10524,69
10525,75
10526,68
10527,68
10528,68
10529,76
10530,67
10531,74
10532,74
10533,75
10534,68
10535,67
10536,69
10537,76
10538,69
10539,69
10540,69
10541,75
10542,70
10543,68
10544,68
10545,76
10546,68
10547,69
10548,70
10549,76
10550,69
10551,70
10552,68
10553,77
10554,67
10555,69
10556,68
10557,75
10558,68
10559,67
10560,86
10561,82
10562,69
10563,72
10564,66
10565,71
10566,64
10567,63
10568,65
10569,73
10570,64
10571,65
10572,65
10573,73
10574,65
10575,64
10576,65
10577,72
10578,64
10579,64
10580,64
10581,72
10582,64
10583,66
10584,64
10585,72
10586,64
10587,64
10588,65
10589,71
10590,65
10591,64
10592,65
10593,71
10594,65
10595,64
10596,65
10597,72
10598,65
10599,65
10600,65
10601,72
10602,68
10603,67
10604,68
10605,72
10606,66
10607,67
10608,66
10609,71
10610,78
10611,68
10612,64
10613,72
10614,65
10615,65
10616,64
10617,78
10618,73
10619,70
10620,69
10621,73
10622,70
10623,69
10624,69
10625,97
10626,68
10627,67
10628,67
10629,72
10630,67
10631,67
10632,68
10633,77
10634,67
10635,65
10636,65
10637,80
10638,72
10639,74
10640,73
10641,80
10642,71
10643,72
10644,72
10645,77
10646,73
10647,73
10648,78
10649,84
10650,76
10651,74
10652,75
10653,75
10654,74
10655,72
10656,72
10657,80
10658,74
10659,76
10660,73
10661,78
10662,75
10663,72
10664,72
10665,82
10666,73
10667,72
10668,72
10669,80
10670,73
10671,73
10672,73
10673,81
10674,72
10675,72
10676,71
10677,78
10678,71
10679,71
10680,73
10681,79
10682,72
10683,70
10684,71
10685,78
10686,74
10687,73
10688,72
10689,81
10690,70
10691,70
10692,73
10693,75
10694,72
10695,73
10696,73
10697,83
10698,75
10699,74
10700,77
10701,79
10702,70
10703,69
10704,71
10705,80
10706,65
10707,65
10708,66
10709,71
10710,67
10711,71
10712,68
10713,86
10714,73
10715,67
10716,68
10717,74
10718,71
10719,68
10720,69
10721,77
10722,68
10723,66
10724,67
10725,76
10726,69
10727,72
10728,70
10729,77
10730,69
10731,68
10732,67
10733,72
10734,68
10735,72
10736,67
10737,73
10738,67
10739,66
10740,68
10741,73
10742,66
10743,70
10744,67
10745,77
10746,74
10747,66
10748,68
10749,81
10750,75
10751,78
10752,70
10753,75
10754,67
10755,66
10756,67
10757,72
10758,67
10759,67
10760,69
10761,77
10762,87
10763,69
10764,69
10765,75
10766,66
10767,73
10768,83
10769,78
10770,69
10771,70
10772,69
10773,76
10774,70
10775,69
10776,74
10777,79
10778,72
10779,73
10780,74
10781,79
10782,73
10783,73
10784,73
10785,81
10786,75
10787,72
10788,72
10789,78
10790,73
10791,71
10792,71
10793,82
10794,73
10795,75
10796,72
10797,80
10798,75
10799,72
10800,71
10801,78
10802,70
10803,70
10804,71
10805,79
10806,74
10807,70
10808,70
10809,82
10810,75
10811,72
10812,71
10813,76
10814,70
10815,69
10816,73
10817,78
10818,72
10819,72
10820,71
10821,78
10822,71
10823,70
10824,71
10825,76
10826,70
10827,74
10828,70
10829,75
10830,72
10831,71
10832,71
10833,77
10834,77
10835,83
10836,73
10837,78
10838,74
10839,70
10840,71
10841,76
10842,69
10843,71
10844,72
10845,72
10846,66
10847,68
10848,69
10849,75
10850,67
10851,68
10852,67
10853,71
10854,67
10855,69
10856,68
10857,73
10858,74
10859,66
10860,67
10861,70
10862,66
10863,67
10864,67
10865,74
10866,70
10867,66
10868,66
10869,70
10870,69
10871,70
10872,69
10873,73
10874,68
10875,68
10876,69
10877,74
10878,68
10879,68
10880,67
10881,72
10882,68
10883,67
10884,68
10885,72
10886,66
10887,66
10888,66
10889,71
10890,67
10891,66
10892,66
10893,73
10894,69
10895,68
10896,68
10897,71
10898,65
10899,65
10900,65
10901,72
10902,68
10903,68
10904,67
10905,73
10906,69
10907,68
10908,69
10909,72
10910,68
10911,69
10912,69
10913,70
10914,68
10915,69
10916,71
10917,73
10918,70
10919,71
10920,73
10921,76
10922,71
10923,72
10924,71
10925,78
10926,74
10927,71
10928,73
10929,77
10930,71
10931,71
10932,70
10933,75
10934,71
10935,73
10936,77
10937,79
10938,77
10939,77
10940,76
10941,75
10942,69
10943,69
10944,70
10945,74
10946,69
10947,69
10948,70
10949,76
10950,69
10951,69
10952,70
10953,74
10954,69
10955,69
10956,69
10957,76
10958,69
10959,71
10960,70
10961,74
10962,69
10963,69
10964,70
10965,78
10966,72
10967,74
10968,74
10969,78
10970,72
10971,72
10972,75
10973,74
10974,70
10975,70
10976,69
10977,72
10978,71
10979,71
10980,81
10981,79
10982,70
10983,72
10984,70
10985,74
10986,71
10987,71
10988,68
10989,72
10990,67
10991,68
10992,67
10993,70
10994,68
10995,67
10996,75
10997,80
10998,67
10999,66
11000,76
11001,73
11002,71
11003,73
11004,74
11005,71
11006,66
11007,67
11008,67
11009,71
11010,67
11011,67
11012,67
11013,71
11014,67
11015,68
11016,68
11017,72
11018,67
11019,68
11020,67
11021,71
11022,67
11023,66
11024,67
11025,71
11026,68
11027,67
11028,67
11029,75
11030,68
11031,67
11032,70
11033,71
11034,68
11035,67
11036,68
11037,72
11038,69
11039,67
11040,68
11041,72
11042,68
11043,68
11044,68
11045,73
11046,67
11047,68
11048,69
11049,71
11050,69
11051,71
11052,73
11053,75
11054,71
11055,77
11056,73
11057,74
11058,73
11059,71
11060,75
11061,82
11062,80
11063,80
11064,75
11065,79
11066,74
11067,84
11068,81
11069,78
11070,75
11071,74
11072,72
11073,77
11074,72
11075,72
11076,75
11077,76
11078,74
11079,71
11080,72
11081,77
11082,77
11083,76
11084,73
11085,77
11086,73
11087,75
11088,76
11089,78
11090,80
11091,83
11092,99
11093,82
11094,73
11095,74
11096,73
11097,77
11098,76
11099,78
11100,78
11101,76
11102,77
11103,75
11104,78
11105,81
11106,73
11107,74
11108,73
11109,78
11110,73
11111,76
11112,75
11113,78
11114,73
11115,78
11116,80
11117,79
11118,77
11119,78
11120,78
11121,77
11122,75
11123,72
11124,73
11125,74
11126,68
11127,67
11128,70
11129,74
11130,71
11131,71
11132,70
11133,70
11134,70
11135,73
11136,77
11137,73
11138,69
11139,70
11140,69
11141,71
11142,68
11143,69
11144,69
11145,74
11146,69
11147,68
11148,69
11149,70
11150,68
11151,70
11152,69
11153,75
11154,69
11155,68
11156,69
11157,73
11158,71
11159,70
11160,70
11161,72
11162,69
11163,68
11164,68
11165,70
11166,68
11167,69
11168,69
11169,73
11170,70
11171,70
11172,71
11173,71
11174,69
11175,70
11176,71
11177,74
11178,70
11179,69
11180,70
11181,70
11182,68
11183,68
11184,67
11185,72
11186,68
11187,68
11188,69
11189,70
11190,68
11191,68
11192,68
11193,72
11194,69
11195,69
11196,68
11197,74
11198,77
11199,84
11200,74
11201,80
11202,75
11203,75
11204,75
11205,78
11206,75
11207,73
11208,75
11209,77
11210,74
11211,74
11212,76
11213,76
11214,77
11215,77
11216,75
11217,80
11218,77
11219,77
11220,78
11221,74
11222,74
11223,73
11224,74
11225,76
11226,79
11227,81
11228,76
11229,77
11230,72
11231,74
11232,74
11233,78
11234,72
11235,75
11236,72
11237,74
11238,82
11239,75
11240,73
11241,76
11242,72
11243,73
11244,74
11245,80
11246,78
11247,84
11248,75
11249,76
11250,73
11251,71
11252,74
11253,74
11254,73
11255,73
11256,74
11257,75
11258,72
11259,73
11260,75
11261,73
11262,74
11263,72
11264,75
11265,74
11266,67
11267,69
11268,68
11269,70
11270,69
11271,70
11272,69
11273,73
11274,70
11275,69
11276,72
11277,71
11278,71
11279,70
11280,70
11281,72
11282,72
11283,70
11284,70
11285,71
11286,69
11287,71
11288,72
11289,72
11290,70
11291,70
11292,71
11293,73
11294,71
11295,70
11296,70
11297,72
11298,70
11299,70
11300,69
11301,72
11302,71
11303,70
11304,72
11305,72
11306,71
11307,70
11308,69
11309,71
11310,71
11311,70
11312,70
11313,72
11314,71
11315,71
11316,76
11317,83
11318,70
11319,69
11320,69
11321,71
11322,68
11323,69
11324,119
11325,69
11326,69
11327,101
11328,68
11329,116
11330,71
11331,80
11332,73
11333,73
11334,75
11335,89
11336,73
11337,147
11338,148
11339,87
11340,110
11341,75
11342,74
11343,92
11344,73
11345,74
11346,80
11347,73
11348,81
11349,96
11350,72
11351,71
11352,90
11353,71
11354,72
11355,91
11356,72
11357,73
11358,92
11359,76
11360,73
11361,93
11362,75
11363,75
11364,93
11365,75
11366,72
11367,117
11368,72
11369,73
11370,106
11371,77
11372,74
11373,95
11374,75
11375,73
11376,87
11377,74
11378,74
11379,88
11380,76
11381,73
11382,92
11383,76
11384,75
11385,91
11386,72
11387,74
11388,91
11389,73
11390,71
11391,93
11392,74
11393,74
11394,94
11395,72
11396,69
11397,88
11398,70
11399,70
11400,88
11401,72
11402,74
11403,89
11404,73
11405,72
11406,89
11407,70
11408,71
11409,89
11410,71
11411,69
11412,87
11413,73
11414,76
11415,91
11416,76
11417,76
11418,87
11419,68
11420,69
11421,88
11422,71
11423,68
11424,88
11425,69
11426,70
11427,88
11428,68
11429,72
11430,96
11431,69
11432,70
11433,87
11434,69
11435,69
11436,88
11437,70
11438,69
11439,87
11440,69
11441,70
11442,93
11443,71
11444,69
11445,87
11446,69
11447,71
11448,88
11449,68
11450,68
11451,85
11452,68
11453,67
11454,90
11455,71
11456,70
11457,88
11458,71
11459,72
11460,90
11461,75
11462,76
11463,94
11464,77
11465,74
11466,95
11467,74
11468,75
11469,96
11470,73
11471,75
11472,93
11473,76
11474,73
11475,95
11476,73
11477,74
11478,92
11479,74
11480,74
11481,97
11482,76
11483,76
11484,95
11485,76
11486,75
11487,91
11488,75
11489,73
11490,93
11491,77
11492,74
11493,93
11494,77
11495,74
11496,94
11497,75
11498,76
11499,96
11500,79
11501,75
11502,92
11503,74
11504,73
11505,92
11506,73
11507,73
11508,93
11509,76
11510,74
11511,92
11512,72
11513,73
11514,92
11515,72
11516,73
11517,97
11518,78
11519,77
11520,95
11521,80
11522,79
11523,91
